[RasterDrawingParams]
Color=7
Orientation=1
XInsertionPoint=205760.897093
YInsertionPoint=626868.723273
XScale=1000.000000
YScale=1000.000000
XResolution=300.000000
YResolution=300.000000
Length=4715
Width=6360
Units=7
Comment=
GeoMapping=

