lab_4 Model terenu 3D/puszcza_bukowa_szmaragdowe.asc
ncols        428
nrows        482
xllcorner    208859.500000000000
yllcorner    620466.500000000000
cellsize     1.000000000000
NODATA_value  -9999
[rows 76 to 94 of 482, columns 0 to 43 of 428]
52.819999694824219 52.930000305175781 53.220001220703125 53.459999084472656 53.659999847412109 53.770000457763672 53.919998168945312 54.229999542236328 54.540000915527344 54.770000457763672 54.979999542236328 55.200000762939453 55.290000915527344 55.419998168945313 55.590000152587891 55.520000457763672 55.459999084472656 55.380001068115234 55.279998779296875 55.220001220703125 55.159999847412109 55.099998474121094 55.060001373291016 54.869998931884766 54.610000610351563 54.389999389648438 54.240001678466797 54.060001373291016 53.979999542236328 53.869998931884766 53.819999694824219 54.009998321533203 54.200000762939453 54.369998931884766 54.490001678466797 54.610000610351563 54.720001220703125 54.860000610351563 54.950000762939453 55.080001831054688 55.310001373291016 55.950000762939453 56.650001525878906 57.330001831054688
52.979999542236328 53.189998626708984 53.430000305175781 53.590000152587891 53.75 53.919998168945312 54.150001525878906 54.380001068115234 54.720001220703125 54.970001220703125 55.209999084472656 55.360000610351563 55.459999084472656 55.659999847412109 55.860000610351563 55.860000610351563 55.779998779296875 55.669998168945313 55.610000610351562 55.549999237060547 55.490001678466797 55.380001068115234 55.290000915527344 55.020000457763672 54.740001678466797 54.590000152587891 54.470001220703125 54.360000610351563 54.139999389648437 53.979999542236328 54.009998321533203 54.229999542236328 54.360000610351563 54.5 54.540000915527344 54.549999237060547 54.740001678466797 54.830001831054687 54.950000762939453 55.139999389648438 55.409999847412109 56.060001373291016 56.75 57.439998626708984
53.139999389648437 53.340000152587891 53.549999237060547 53.700000762939453 53.860000610351562 54.090000152587891 54.389999389648438 54.650001525878906 54.900001525878906 55.139999389648438 55.340000152587891 55.509998321533203 55.709999084472656 55.869998931884766 56.060001373291016 56.080001831054688 56 55.950000762939453 55.889999389648437 55.729999542236328 55.659999847412109 55.580001831054688 55.380001068115234 55.150001525878906 54.970001220703125 54.849998474121094 54.729999542236328 54.569999694824219 54.310001373291016 54.080001831054688 54.069999694824219 54.220001220703125 54.319999694824219 54.479999542236328 54.540000915527344 54.650001525878906 54.720001220703125 54.919998168945313 54.979999542236328 55.229999542236328 55.509998321533203 56.169998168945312 56.869998931884766 57.560001373291016
53.299999237060547 53.5 53.669998168945313 53.810001373291016 54.029998779296875 54.270000457763672 54.540000915527344 54.819999694824219 55.080001831054688 55.240001678466797 55.439998626708984 55.630001068115234 55.840000152587891 56.029998779296875 56.119998931884766 56.270000457763672 56.180000305175781 56.169998168945312 56.119998931884766 55.990001678466797 55.869998931884766 55.729999542236328 55.590000152587891 55.389999389648437 55.229999542236328 55.090000152587891 54.970001220703125 54.740001678466797 54.479999542236328 54.209999084472656 54.139999389648437 54.290000915527344 54.470001220703125 54.470001220703125 54.599998474121094 54.680000305175781 54.770000457763672 54.869998931884766 54.959999084472656 55.290000915527344 55.619998931884766 56.290000915527344 56.979999542236328 57.680000305175781
53.430000305175781 53.569999694824219 53.709999084472656 53.939998626708984 54.159999847412109 54.380001068115234 54.700000762939453 54.979999542236328 55.139999389648438 55.220001220703125 55.529998779296875 55.720001220703125 55.919998168945313 56.119998931884766 56.279998779296875 56.279998779296875 56.360000610351563 56.319999694824219 56.259998321533203 56.119998931884766 56.029998779296875 55.900001525878906 55.770000457763672 55.650001525878906 55.490001678466797 55.330001831054687 55.180000305175781 54.909999847412109 54.650001525878906 54.400001525878906 54.389999389648438 54.529998779296875 54.549999237060547 54.5 54.669998168945313 54.810001373291016 54.909999847412109 54.970001220703125 54.990001678466797 55.369998931884766 55.759998321533203 56.349998474121094 57.080001831054687 57.790000915527344
53.459999084472656 53.639999389648437 53.770000457763672 53.909999847412109 54.259998321533203 54.549999237060547 54.869998931884766 55.060001373291016 55.180000305175781 55.319999694824219 55.520000457763672 55.560001373291016 55.770000457763672 56.209999084472656 56.400001525878906 56.470001220703125 56.549999237060547 56.439998626708984 56.380001068115234 56.400001525878906 56.270000457763672 56.139999389648438 56.029998779296875 55.919998168945313 55.770000457763672 55.599998474121094 55.419998168945313 55.180000305175781 54.939998626708984 54.709999084472656 54.619998931884766 54.729999542236328 54.700000762939453 54.639999389648438 54.810001373291016 54.979999542236328 55.049999237060547 55.169998168945313 55.369998931884766 55.610000610351562 55.900001525878906 56.409999847412109 57.139999389648438 57.869998931884766
53.650001525878906 53.770000457763672 53.849998474121094 53.970001220703125 54.319999694824219 54.389999389648438 54.889999389648438 55.159999847412109 55.259998321533203 55.450000762939453 55.520000457763672 55.650001525878906 56.159999847412109 56.330001831054688 56.430000305175781 56.509998321533203 56.650001525878906 56.650001525878906 56.549999237060547 56.639999389648438 56.520000457763672 56.409999847412109 56.290000915527344 56.180000305175781 56.060001373291016 55.889999389648437 55.560001373291016 55.439998626708984 55.299999237060547 54.889999389648438 54.720001220703125 54.810001373291016 54.75 54.880001068115234 55 55.060001373291016 55.299999237060547 55.400001525878906 55.650001525878906 55.819999694824219 56.159999847412109 56.599998474121094 57.369998931884766 58.069999694824219
53.770000457763672 53.869998931884766 53.959999084472656 54.099998474121094 54.380001068115234 54.479999542236328 54.880001068115234 55.130001068115234 55.369998931884766 55.520000457763672 55.740001678466797 55.930000305175781 56.290000915527344 56.450000762939453 56.580001831054687 56.709999084472656 56.830001831054688 56.919998168945313 56.840000152587891 56.900001525878906 56.790000915527344 56.669998168945313 56.560001373291016 56.450000762939453 56.330001831054688 56.169998168945312 55.720001220703125 55.560001373291016 55.409999847412109 55.169998168945313 55.020000457763672 54.909999847412109 54.900001525878906 54.950000762939453 55.060001373291016 55.060001373291016 55.330001831054687 55.590000152587891 55.759998321533203 56.080001831054688 56.509998321533203 56.959999084472656 57.549999237060547 58.180000305175781
53.790000915527344 53.909999847412109 54.049999237060547 54.150001525878906 54.380001068115234 54.619998931884766 54.849998474121094 55.119998931884766 55.389999389648437 55.630001068115234 56 56.290000915527344 56.400001525878906 56.520000457763672 56.669998168945313 56.799999237060547 56.930000305175781 57.090000152587891 57.090000152587891 57.080001831054687 56.979999542236328 56.880001068115234 56.819999694824219 56.709999084472656 56.599998474121094 56.389999389648438 55.889999389648437 55.720001220703125 55.560001373291016 55.270000457763672 55.139999389648438 55.060001373291016 55.169998168945313 55.139999389648438 55.229999542236328 55.259998321533203 55.400001525878906 55.790000915527344 56.049999237060547 56.569999694824219 57.029998779296875 57.470001220703125 57.930000305175781 58.549999237060547
53.860000610351562 54.020000457763672 54.119998931884766 54.189998626708984 54.369998931884766 54.630001068115234 54.970001220703125 55.200000762939453 55.470001220703125 55.810001373291016 56.099998474121094 56.319999694824219 56.450000762939453 56.520000457763672 56.759998321533203 56.889999389648438 57.020000457763672 57.189998626708984 57.310001373291016 57.259998321533203 57.159999847412109 57.060001373291016 56.959999084472656 56.860000610351562 56.779998779296875 56.599998474121094 56.130001068115234 55.889999389648437 55.689998626708984 55.459999084472656 55.380001068115234 55.360000610351563 55.389999389648437 55.409999847412109 55.549999237060547 55.529998779296875 55.709999084472656 56.049999237060547 56.319999694824219 56.779998779296875 57.310001373291016 57.810001373291016 58.380001068115234 58.909999847412109
53.970001220703125 54.099998474121094 54.159999847412109 54.229999542236328 54.349998474121094 54.650001525878906 54.990001678466797 55.229999542236328 55.509998321533203 55.830001831054688 56.130001068115234 56.330001831054688 56.479999542236328 56.560001373291016 56.819999694824219 56.979999542236328 57.110000610351563 57.290000915527344 57.479999542236328 57.439998626708984 57.340000152587891 57.240001678466797 57.150001525878906 57.049999237060547 56.950000762939453 56.490001678466797 56.259998321533203 56.090000152587891 55.889999389648437 55.689998626708984 55.610000610351562 55.580001831054688 55.560001373291016 55.520000457763672 55.689998626708984 55.860000610351563 56.069999694824219 56.349998474121094 56.610000610351563 57.009998321533203 57.569999694824219 58.360000610351563 59.020000457763672 59.419998168945313
54.080001831054688 54.139999389648437 54.209999084472656 54.270000457763672 54.340000152587891 54.680000305175781 55.020000457763672 55.25 55.5 55.75 56.169998168945312 56.340000152587891 56.490001678466797 56.610000610351563 56.830001831054688 57.080001831054687 57.209999084472656 57.389999389648438 57.520000457763672 57.610000610351563 57.549999237060547 57.450000762939453 57.349998474121094 57.259998321533203 57.110000610351563 56.639999389648438 56.529998779296875 56.319999694824219 56.110000610351563 55.930000305175781 55.830001831054688 55.790000915527344 55.770000457763672 55.709999084472656 55.869998931884766 56.020000457763672 56.240001678466797 56.490001678466797 56.720001220703125 57.299999237060547 57.970001220703125 58.759998321533203 59.349998474121094 59.770000457763672
54.060001373291016 54.189998626708984 54.290000915527344 54.380001068115234 54.439998626708984 54.700000762939453 54.950000762939453 55.229999542236328 55.479999542236328 55.729999542236328 56.130001068115234 56.349998474121094 56.5 56.639999389648438 56.830001831054688 57.119998931884766 57.299999237060547 57.430000305175781 57.479999542236328 57.650001525878906 57.680000305175781 57.619998931884766 57.560001373291016 57.459999084472656 57.229999542236328 56.889999389648438 56.790000915527344 56.590000152587891 56.380001068115234 56.130001068115234 56.099998474121094 55.939998626708984 55.849998474121094 55.849998474121094 56.020000457763672 56.159999847412109 56.259998321533203 56.560001373291016 56.909999847412109 57.470001220703125 58.310001373291016 58.990001678466797 59.459999084472656 59.869998931884766
54.180000305175781 54.240001678466797 54.369998931884766 54.509998321533203 54.650001525878906 54.810001373291016 55.159999847412109 55.330001831054687 55.509998321533203 55.680000305175781 56 56.279998779296875 56.5 56.650001525878906 56.840000152587891 57.130001068115234 57.25 57.340000152587891 57.439998626708984 57.590000152587891 57.779998779296875 57.740001678466797 57.680000305175781 57.619998931884766 57.400001525878906 57.150001525878906 57.060001373291016 56.849998474121094 56.619998931884766 56.479999542236328 56.240001678466797 56.119998931884766 56.099998474121094 56.029998779296875 56.200000762939453 56.150001525878906 56.310001373291016 56.580001831054687 57.119998931884766 57.869998931884766 58.529998779296875 59.099998474121094 59.740001678466797 60.130001068115234
54.180000305175781 54.270000457763672 54.400001525878906 54.529998779296875 54.659999847412109 55.049999237060547 55.279998779296875 55.430000305175781 55.569999694824219 55.720001220703125 55.880001068115234 56.159999847412109 56.450000762939453 56.599998474121094 56.849998474121094 57.060001373291016 57.130001068115234 57.259998321533203 57.419998168945313 57.599998474121094 57.770000457763672 57.849998474121094 57.75 57.659999847412109 57.560001373291016 57.470001220703125 57.380001068115234 57.180000305175781 56.900001525878906 56.520000457763672 56.5 56.240001678466797 56.200000762939453 56.349998474121094 56.369998931884766 56.409999847412109 56.560001373291016 56.860000610351562 57.419998168945313 58.080001831054688 58.979999542236328 59.520000457763672 59.939998626708984 60.25
54.220001220703125 54.310001373291016 54.419998168945312 54.549999237060547 54.689998626708984 55.069999694824219 55.299999237060547 55.450000762939453 55.610000610351562 55.759998321533203 55.819999694824219 56.090000152587891 56.459999084472656 56.720001220703125 56.919998168945313 57.060001373291016 57.060001373291016 57.409999847412109 57.540000915527344 57.680000305175781 57.840000152587891 57.880001068115234 57.900001525878906 57.770000457763672 57.919998168945313 57.830001831054688 57.720001220703125 57.419998168945313 57.009998321533203 56.740001678466797 56.740001678466797 56.689998626708984 56.560001373291016 56.529998779296875 56.490001678466797 56.569999694824219 56.810001373291016 57.130001068115234 57.680000305175781 58.520000457763672 59.279998779296875 59.740001678466797 60.130001068115234 60.319999694824219
54.270000457763672 54.360000610351563 54.450000762939453 54.560001373291016 54.740001678466797 55.049999237060547 55.319999694824219 55.470001220703125 55.619998931884766 55.770000457763672 55.950000762939453 56.240001678466797 56.389999389648438 56.819999694824219 56.990001678466797 57.159999847412109 57.259998321533203 57.459999084472656 57.569999694824219 57.639999389648437 57.810001373291016 57.990001678466797 58.069999694824219 58.189998626708984 58.279998779296875 58.180000305175781 57.939998626708984 57.669998168945313 57.240001678466797 57.099998474121094 57.110000610351563 57.060001373291016 56.840000152587891 56.849998474121094 56.919998168945313 56.979999542236328 57.209999084472656 57.5 58.139999389648437 58.75 59.590000152587891 60.049999237060547 60.279998779296875 60.380001068115234
54.310001373291016 54.400001525878906 54.490001678466797 54.650001525878906 54.779998779296875 55.029998779296875 55.340000152587891 55.490001678466797 55.639999389648438 55.830001831054688 56.080001831054688 56.279998779296875 56.509998321533203 56.740001678466797 57.159999847412109 57.319999694824219 57.479999542236328 57.650001525878906 57.729999542236328 57.880001068115234 58.029998779296875 58.110000610351563 58.159999847412109 58.240001678466797 58.340000152587891 58.349998474121094 58.130001068115234 57.939998626708984 57.680000305175781 57.470001220703125 57.450000762939453 57.419998168945313 57.020000457763672 56.970001220703125 57.229999542236328 57.310001373291016 57.630001068115234 57.959999084472656 58.549999237060547 59.099998474121094 59.709999084472656 60.090000152587891 60.330001831054688 60.439998626708984
54.360000610351563 54.450000762939453 54.560001373291016 54.779998779296875 54.919998168945313 55.060001373291016 55.330001831054687 55.509998321533203 55.689998626708984 55.970001220703125 56.25 56.459999084472656 56.580001831054687 56.689998626708984 57.080001831054687 57.540000915527344 57.720001220703125 57.900001525878906 58.069999694824219 58.159999847412109 58.209999084472656 58.259998321533203 58.290000915527344 58.380001068115234 58.369998931884766 58.360000610351563 58.360000610351563 58.259998321533203 58.029998779296875 57.75 57.689998626708984 57.659999847412109 57.330001831054688 57.450000762939453 57.720001220703125 57.860000610351562 58.200000762939453 58.459999084472656 58.770000457763672 59.389999389648438 60.029998779296875 60.400001525878906 60.549999237060547 60.560001373291016
