lab_4 Model terenu 3D/puszcza_bukowa_szmaragdowe.asc
ncols        428
nrows        482
xllcorner    208859.500000000000
yllcorner    620466.500000000000
cellsize     1.000000000000
NODATA_value  -9999
[rows 133 to 151 of 482, columns 264 to 307 of 428]
42.970001220703125 42.590000152587891 42.270000457763672 42.290000915527344 42.229999542236328 42.360000610351563 42.209999084472656 42.439998626708984 42.479999542236328 42.639999389648438 42.720001220703125 42.790000915527344 42.959999084472656 43.369998931884766 43.650001525878906 43.930000305175781 44.209999084472656 44.569999694824219 44.779998779296875 45.180000305175781 45.340000152587891 45.740001678466797 46.360000610351563 47.009998321533203 47.680000305175781 48.259998321533203 48.759998321533203 49.25 49.759998321533203 50.340000152587891 50.869998931884766 51.659999847412109 52.319999694824219 52.979999542236328 53.709999084472656 54.540000915527344 55.369998931884766 56.229999542236328 57.119998931884766 58.080001831054688 59.099998474121094 60.529998779296875 61.909999847412109 63.299999237060547
42.840000152587891 42.610000610351563 42.330001831054688 42.259998321533203 42.259998321533203 42.229999542236328 41.939998626708984 42.130001068115234 42.319999694824219 42.509998321533203 42.709999084472656 42.810001373291016 42.990001678466797 43.389999389648438 43.75 43.959999084472656 44.240001678466797 44.630001068115234 44.979999542236328 45.290000915527344 45.540000915527344 45.680000305175781 46.340000152587891 46.75 47.439998626708984 47.959999084472656 48.479999542236328 48.970001220703125 49.490001678466797 50.110000610351563 50.680000305175781 51.279998779296875 52.040000915527344 52.819999694824219 53.610000610351563 54.450000762939453 55.290000915527344 56.209999084472656 57.090000152587891 58.110000610351563 59.090000152587891 60.430000305175781 61.759998321533203 63.099998474121094
42.709999084472656 42.5 42.169998168945313 42.319999694824219 42.340000152587891 42.340000152587891 42.169998168945313 42.209999084472656 42.340000152587891 42.439998626708984 42.630001068115234 42.830001831054687 43.029998779296875 43.290000915527344 43.659999847412109 43.819999694824219 44.150001525878906 44.450000762939453 44.889999389648438 45.369998931884766 45.599998474121094 45.900001525878906 46.25 46.599998474121094 47.180000305175781 47.700000762939453 48.209999084472656 48.569999694824219 48.799999237060547 49.770000457763672 50.380001068115234 51.080001831054688 51.889999389648437 52.680000305175781 53.520000457763672 54.360000610351563 55.200000762939453 56.099998474121094 57.060001373291016 58.090000152587891 58.950000762939453 60.049999237060547 61.389999389648438 62.720001220703125
42.580001831054687 42.400001525878906 42.319999694824219 42.389999389648438 42.479999542236328 42.520000457763672 42.180000305175781 42.119998931884766 42.270000457763672 42.340000152587891 42.639999389648438 42.880001068115234 43 43.200000762939453 43.569999694824219 43.75 43.979999542236328 44.259998321533203 44.619998931884766 45.159999847412109 45.599998474121094 45.819999694824219 46.229999542236328 46.610000610351563 47 47.470001220703125 48.009998321533203 48.540000915527344 49.090000152587891 49.659999847412109 50.330001831054687 50.990001678466797 51.759998321533203 52.590000152587891 53.430000305175781 54.270000457763672 55.119998931884766 55.970001220703125 56.900001525878906 57.909999847412109 58.900001525878906 59.75 61.009998321533203 62.330001831054688
42.439998626708984 42.419998168945313 42.380001068115234 42.419998168945313 42.479999542236328 42.590000152587891 42.400001525878906 42.240001678466797 42.240001678466797 42.340000152587891 42.650001525878906 42.840000152587891 42.939998626708984 43.090000152587891 43.430000305175781 43.569999694824219 43.770000457763672 44.110000610351563 44.439998626708984 44.830001831054687 45.319999694824219 45.740001678466797 46.119998931884766 46.369998931884766 46.819999694824219 47.319999694824219 47.759998321533203 48.349998474121094 48.959999084472656 49.590000152587891 50.25 50.970001220703125 51.569999694824219 52.189998626708984 53.130001068115234 54.069999694824219 55.009998321533203 55.869998931884766 56.619998931884766 57.669998168945313 58.900001525878906 59.659999847412109 60.630001068115234 61.849998474121094
42.490001678466797 42.450000762939453 42.400001525878906 42.409999847412109 42.470001220703125 42.590000152587891 42.630001068115234 42.389999389648438 42.389999389648438 42.310001373291016 42.450000762939453 42.759998321533203 42.930000305175781 43.130001068115234 43.25 43.450000762939453 43.689998626708984 43.950000762939453 44.340000152587891 44.759998321533203 45.369998931884766 45.900001525878906 46.040000915527344 46.259998321533203 46.569999694824219 47.040000915527344 47.520000457763672 48 48.799999237060547 49.529998779296875 50.180000305175781 50.909999847412109 51.409999847412109 52.180000305175781 53.069999694824219 54 54.939998626708984 55.759998321533203 56.279998779296875 57.409999847412109 58.650001525878906 59.560001373291016 60.459999084472656 61.520000457763672
42.509998321533203 42.470001220703125 42.419998168945313 42.389999389648438 42.450000762939453 42.580001831054687 42.740001678466797 42.549999237060547 42.549999237060547 42.360000610351563 42.209999084472656 42.430000305175781 42.860000610351563 43.200000762939453 43.259998321533203 43.479999542236328 43.669998168945313 43.889999389648438 44.139999389648438 44.650001525878906 45.259998321533203 45.939998626708984 46.150001525878906 46.159999847412109 46.400001525878906 46.970001220703125 47.520000457763672 48 48.619998931884766 49.409999847412109 50.099998474121094 50.770000457763672 51.490001678466797 52.259998321533203 53.049999237060547 53.979999542236328 54.970001220703125 55.900001525878906 56.5 57.340000152587891 58.459999084472656 59.470001220703125 60.349998474121094 61.25
42.529998779296875 42.490001678466797 42.439998626708984 42.400001525878906 42.439998626708984 42.580001831054687 42.729999542236328 42.729999542236328 42.689998626708984 42.459999084472656 42.369998931884766 42.290000915527344 42.75 43.159999847412109 43.319999694824219 43.470001220703125 43.669998168945313 43.830001831054688 44.090000152587891 44.479999542236328 45.400001525878906 45.950000762939453 46.150001525878906 45.950000762939453 46.220001220703125 46.840000152587891 47.470001220703125 48.060001373291016 48.580001831054688 49.180000305175781 49.979999542236328 50.700000762939453 51.479999542236328 52.25 53.029998779296875 53.909999847412109 54.860000610351563 55.759998321533203 56.540000915527344 57.360000610351562 58.060001373291016 59.090000152587891 60.049999237060547 61.040000915527344
42.549999237060547 42.5 42.459999084472656 42.409999847412109 42.430000305175781 42.569999694824219 42.729999542236328 42.880001068115234 42.770000457763672 42.680000305175781 42.569999694824219 42.450000762939453 42.470001220703125 43.049999237060547 43.330001831054688 43.450000762939453 43.639999389648437 43.830001831054688 44.049999237060547 44.349998474121094 45.110000610351562 45.650001525878906 46.029998779296875 45.75 46.110000610351563 46.720001220703125 47.380001068115234 47.970001220703125 48.540000915527344 48.950000762939453 49.709999084472656 50.470001220703125 51.069999694824219 51.970001220703125 52.849998474121094 53.610000610351563 54.479999542236328 55.389999389648437 56.259998321533203 57.259998321533203 58.049999237060547 58.799999237060547 59.729999542236328 60.689998626708984
42.549999237060547 42.520000457763672 42.479999542236328 42.439998626708984 42.419998168945313 42.569999694824219 42.700000762939453 42.799999237060547 42.830001831054687 42.700000762939453 42.549999237060547 42.419998168945313 42.380001068115234 42.770000457763672 43.139999389648438 43.430000305175781 43.630001068115234 43.840000152587891 44.020000457763672 44.200000762939453 44.479999542236328 44.990001678466797 45.220001220703125 45.459999084472656 45.990001678466797 46.599998474121094 47.220001220703125 47.880001068115234 48.389999389648438 48.849998474121094 49.630001068115234 50.409999847412109 51.180000305175781 51.889999389648437 52.639999389648438 53.389999389648438 54.150001525878906 55.020000457763672 56.020000457763672 57.060001373291016 57.810001373291016 58.549999237060547 59.369998931884766 60.369998931884766
42.540000915527344 42.509998321533203 42.490001678466797 42.459999084472656 42.430000305175781 42.400001525878906 42.5 42.569999694824219 42.650001525878906 42.650001525878906 42.479999542236328 42.369998931884766 42.380001068115234 42.799999237060547 43.220001220703125 43.439998626708984 43.619998931884766 43.770000457763672 43.979999542236328 44.060001373291016 44.279998779296875 44.619998931884766 45.040000915527344 45.490001678466797 45.939998626708984 46.509998321533203 47.099998474121094 47.759998321533203 48.389999389648438 49.020000457763672 49.770000457763672 50.549999237060547 51.080001831054688 51.759998321533203 52.490001678466797 53.229999542236328 53.970001220703125 54.729999542236328 55.770000457763672 56.790000915527344 57.549999237060547 58.310001373291016 59.060001373291016 60.009998321533203
42.520000457763672 42.5 42.470001220703125 42.400001525878906 42.430000305175781 42.349998474121094 42.360000610351563 42.369998931884766 42.419998168945313 42.5 42.470001220703125 42.299999237060547 42.490001678466797 42.830001831054687 43.209999084472656 43.520000457763672 43.659999847412109 43.860000610351563 43.970001220703125 44.060001373291016 44.319999694824219 44.680000305175781 45.060001373291016 45.439998626708984 46.080001831054688 46.590000152587891 47.139999389648438 47.880001068115234 48.540000915527344 49.189998626708984 49.919998168945313 50.479999542236328 50.950000762939453 51.630001068115234 52.349998474121094 53.090000152587891 53.830001831054688 54.619998931884766 55.529998779296875 56.529998779296875 57.279998779296875 58.040000915527344 58.889999389648438 59.840000152587891
42.509998321533203 42.479999542236328 42.430000305175781 42.380001068115234 42.340000152587891 42.349998474121094 42.360000610351563 42.369998931884766 42.369998931884766 42.380001068115234 42.380001068115234 42.349998474121094 42.479999542236328 42.930000305175781 43.209999084472656 43.540000915527344 43.720001220703125 43.840000152587891 44 44.290000915527344 44.650001525878906 44.869998931884766 45.139999389648438 45.680000305175781 46.209999084472656 46.770000457763672 47.319999694824219 47.819999694824219 48.419998168945313 49.229999542236328 49.880001068115234 50.349998474121094 50.819999694824219 51.509998321533203 52.220001220703125 52.950000762939453 53.689998626708984 54.5 55.389999389648437 56.369998931884766 57.25 58.099998474121094 59.049999237060547 60.049999237060547
42.490001678466797 42.459999084472656 42.400001525878906 42.380001068115234 42.360000610351563 42.229999542236328 42.349998474121094 42.369998931884766 42.369998931884766 42.380001068115234 42.380001068115234 42.279998779296875 42.659999847412109 43 43.189998626708984 43.529998779296875 43.740001678466797 43.860000610351563 44.220001220703125 44.639999389648438 44.959999084472656 45.310001373291016 45.610000610351562 45.810001373291016 46.259998321533203 46.790000915527344 47.299999237060547 47.700000762939453 48.180000305175781 48.930000305175781 49.729999542236328 50.220001220703125 50.689998626708984 51.380001068115234 52.090000152587891 52.810001373291016 53.569999694824219 54.389999389648438 55.299999237060547 56.159999847412109 57.119998931884766 58.169998168945313 59.130001068115234 60.150001525878906
42.479999542236328 42.430000305175781 42.419998168945313 42.409999847412109 42.380001068115234 42.349998474121094 42.180000305175781 42.299999237060547 42.369998931884766 42.380001068115234 42.360000610351563 42.240001678466797 42.630001068115234 43.020000457763672 43.270000457763672 43.490001678466797 43.669998168945313 43.950000762939453 44.270000457763672 44.729999542236328 45.130001068115234 45.490001678466797 45.779998779296875 46.060001373291016 46.409999847412109 46.849998474121094 47.310001373291016 47.720001220703125 48.150001525878906 48.830001831054687 49.509998321533203 50.119998931884766 50.580001831054688 51.290000915527344 51.970001220703125 52.650001525878906 53.419998168945313 54.200000762939453 55.25 56.080001831054688 56.909999847412109 57.939998626708984 59 60.029998779296875
42.470001220703125 42.459999084472656 42.439998626708984 42.430000305175781 42.400001525878906 42.389999389648438 42.130001068115234 42.119998931884766 42.25 42.380001068115234 42.389999389648438 42.349998474121094 42.700000762939453 43.080001831054687 43.369998931884766 43.650001525878906 43.770000457763672 44.049999237060547 44.220001220703125 44.75 45.189998626708984 45.529998779296875 45.979999542236328 46.240001678466797 46.549999237060547 46.909999847412109 47.340000152587891 47.770000457763672 48.180000305175781 48.860000610351563 49.459999084472656 49.869998931884766 50.279998779296875 50.979999542236328 51.700000762939453 52.650001525878906 53.360000610351562 54.180000305175781 55.189998626708984 56.060001373291016 56.919998168945313 57.810001373291016 58.849998474121094 59.979999542236328
42.470001220703125 42.479999542236328 42.470001220703125 42.459999084472656 42.430000305175781 42.389999389648438 42.299999237060547 41.950000762939453 42.25 42.389999389648438 42.380001068115234 42.360000610351563 42.560001373291016 42.889999389648438 43.299999237060547 43.709999084472656 43.950000762939453 44.119998931884766 44.25 44.740001678466797 45.159999847412109 45.680000305175781 46.130001068115234 46.580001831054688 46.75 47.069999694824219 47.389999389648438 47.729999542236328 48.200000762939453 48.830001831054687 49.240001678466797 49.880001068115234 50.520000457763672 50.909999847412109 51.779998779296875 52.580001831054687 53.400001525878906 54.209999084472656 55.110000610351562 55.970001220703125 56.889999389648438 57.709999084472656 58.700000762939453 59.799999237060547
42.450000762939453 42.459999084472656 42.5 42.479999542236328 42.450000762939453 42.419998168945313 42.360000610351563 42.200000762939453 42.360000610351563 42.330001831054688 42.369998931884766 42.389999389648438 42.450000762939453 42.819999694824219 43.229999542236328 43.639999389648437 44.049999237060547 44.229999542236328 44.330001831054688 44.709999084472656 45.229999542236328 45.759998321533203 46.279998779296875 46.700000762939453 46.959999084472656 47.259998321533203 47.509998321533203 47.700000762939453 48.209999084472656 48.759998321533203 49.560001373291016 50.319999694824219 50.939998626708984 51.319999694824219 52.009998321533203 52.680000305175781 53.340000152587891 54.180000305175781 54.990001678466797 55.709999084472656 56.689998626708984 57.549999237060547 58.470001220703125 59.580001831054688
42.360000610351563 42.409999847412109 42.490001678466797 42.529998779296875 42.5 42.439998626708984 42.439998626708984 42.340000152587891 42.330001831054688 42.229999542236328 42.180000305175781 42.220001220703125 42.330001831054688 42.729999542236328 43.150001525878906 43.569999694824219 44 44.259998321533203 44.529998779296875 44.549999237060547 44.990001678466797 45.529998779296875 46.139999389648438 46.799999237060547 47.200000762939453 47.509998321533203 47.849998474121094 47.869998931884766 48.419998168945313 49.240001678466797 50.040000915527344 50.689998626708984 51.279998779296875 51.799999237060547 52.439998626708984 52.770000457763672 53.240001678466797 54.009998321533203 54.819999694824219 55.319999694824219 55.849998474121094 57.360000610351562 58.270000457763672 59.209999084472656
