lab_4 Model terenu 3D/puszcza_bukowa_szmaragdowe.asc
ncols        428
nrows        482
xllcorner    208859.500000000000
yllcorner    620466.500000000000
cellsize     1.000000000000
NODATA_value  -9999
[rows 0 to 18 of 482, columns 308 to 351 of 428]
51.479999542236328 51.790000915527344 52.110000610351563 52.459999084472656 52.689998626708984 52.889999389648438 53.139999389648437 53.389999389648438 53.639999389648437 53.860000610351562 53.979999542236328 54.270000457763672 54.520000457763672 54.740001678466797 54.909999847412109 55.069999694824219 55.299999237060547 55.479999542236328 55.689998626708984 55.919998168945313 56.310001373291016 56.590000152587891 56.970001220703125 57.319999694824219 57.639999389648437 58.080001831054688 58.529998779296875 58.819999694824219 59.25 59.720001220703125 59.930000305175781 60.130001068115234 60.610000610351563 60.869998931884766 61.229999542236328 61.430000305175781 61.630001068115234 61.880001068115234 61.950000762939453 62.029998779296875 62.389999389648438 62.630001068115234 62.810001373291016 62.889999389648438
51.400001525878906 51.720001220703125 52.029998779296875 52.340000152587891 52.490001678466797 52.770000457763672 53.060001373291016 53.310001373291016 53.569999694824219 53.810001373291016 54.029998779296875 54.229999542236328 54.419998168945312 54.639999389648438 54.830001831054687 55.119998931884766 55.290000915527344 55.470001220703125 55.659999847412109 55.880001068115234 56.189998626708984 56.509998321533203 56.860000610351562 57.150001525878906 57.490001678466797 57.970001220703125 58.419998168945312 58.75 59.119998931884766 59.479999542236328 59.759998321533203 59.959999084472656 60.380001068115234 60.569999694824219 60.919998168945313 61.259998321533203 61.5 61.720001220703125 61.75 61.869998931884766 62.209999084472656 62.490001678466797 62.659999847412109 62.720001220703125
51.369998931884766 51.680000305175781 51.979999542236328 52.090000152587891 52.139999389648438 52.590000152587891 52.990001678466797 53.240001678466797 53.490001678466797 53.770000457763672 54.069999694824219 54.299999237060547 54.490001678466797 54.709999084472656 54.909999847412109 55.099998474121094 55.270000457763672 55.450000762939453 55.619998931884766 55.729999542236328 56.029998779296875 56.400001525878906 56.689998626708984 56.990001678466797 57.319999694824219 57.849998474121094 58.25 58.580001831054688 58.830001831054687 59.169998168945313 59.590000152587891 59.830001831054687 60.270000457763672 60.520000457763672 60.720001220703125 60.970001220703125 61.189998626708984 61.5 61.619998931884766 61.720001220703125 61.939998626708984 62.139999389648437 62.310001373291016 62.549999237060547
51.389999389648437 51.689998626708984 51.860000610351563 51.909999847412109 52.009998321533203 52.400001525878906 52.919998168945313 53.169998168945313 53.450000762939453 53.759998321533203 54.069999694824219 54.240001678466797 54.409999847412109 54.569999694824219 54.75 54.970001220703125 55.189998626708984 55.360000610351563 55.529998779296875 55.619998931884766 55.889999389648437 56.240001678466797 56.540000915527344 56.840000152587891 57.150001525878906 57.549999237060547 58.009998321533203 58.419998168945312 58.790000915527344 59.049999237060547 59.319999694824219 59.75 60.009998321533203 60.299999237060547 60.540000915527344 60.700000762939453 60.919998168945313 61.189998626708984 61.360000610351562 61.430000305175781 61.599998474121094 61.860000610351562 62.049999237060547 62.340000152587891
51.400001525878906 51.569999694824219 51.689998626708984 51.799999237060547 52.020000457763672 52.319999694824219 52.819999694824219 53.159999847412109 53.490001678466797 53.779998779296875 53.959999084472656 54.069999694824219 54.229999542236328 54.400001525878906 54.610000610351563 54.830001831054687 55.049999237060547 55.279998779296875 55.419998168945313 55.659999847412109 55.880001068115234 56.099998474121094 56.439998626708984 56.689998626708984 56.860000610351562 57.259998321533203 57.729999542236328 58.119998931884766 58.540000915527344 58.790000915527344 59.099998474121094 59.470001220703125 59.75 59.990001678466797 60.229999542236328 60.529998779296875 60.659999847412109 60.840000152587891 61.060001373291016 61.180000305175781 61.299999237060547 61.599998474121094 61.799999237060547 62.099998474121094
51.290000915527344 51.419998168945313 51.590000152587891 51.799999237060547 52.020000457763672 52.25 52.689998626708984 53.029998779296875 53.360000610351562 53.610000610351563 53.799999237060547 53.909999847412109 54.060001373291016 54.240001678466797 54.459999084472656 54.680000305175781 54.909999847412109 55.159999847412109 55.400001525878906 55.610000610351562 55.830001831054688 56.040000915527344 56.330001831054688 56.520000457763672 56.720001220703125 57.040000915527344 57.5 57.869998931884766 58.25 58.490001678466797 58.830001831054687 59.180000305175781 59.400001525878906 59.669998168945313 59.939998626708984 60.130001068115234 60.330001831054688 60.529998779296875 60.729999542236328 60.930000305175781 61.090000152587891 61.270000457763672 61.569999694824219 61.779998779296875
51.139999389648438 51.360000610351563 51.599998474121094 51.810001373291016 52.020000457763672 52.229999542236328 52.549999237060547 52.849998474121094 53.159999847412109 53.319999694824219 53.540000915527344 53.75 53.889999389648438 54.090000152587891 54.319999694824219 54.569999694824219 54.840000152587891 55.110000610351562 55.360000610351563 55.569999694824219 55.799999237060547 56.029998779296875 56.290000915527344 56.5 56.720001220703125 56.909999847412109 57.310001373291016 57.610000610351563 57.900001525878906 58.200000762939453 58.560001373291016 58.860000610351563 59.159999847412109 59.380001068115234 59.610000610351562 59.810001373291016 60.009998321533203 60.229999542236328 60.450000762939453 60.639999389648438 60.860000610351563 61.090000152587891 61.229999542236328 61.389999389648438
50.849998474121094 51.290000915527344 51.610000610351562 51.759998321533203 51.959999084472656 52.099998474121094 52.349998474121094 52.650001525878906 52.959999084472656 53.029998779296875 53.209999084472656 53.5 53.729999542236328 53.979999542236328 54.25 54.509998321533203 54.759998321533203 55.009998321533203 55.319999694824219 55.560001373291016 55.799999237060547 56.029998779296875 56.270000457763672 56.470001220703125 56.720001220703125 56.900001525878906 57.080001831054687 57.349998474121094 57.619998931884766 57.930000305175781 58.220001220703125 58.529998779296875 58.860000610351563 59.110000610351562 59.319999694824219 59.509998321533203 59.709999084472656 59.919998168945313 60.139999389648438 60.349998474121094 60.560001373291016 60.770000457763672 60.919998168945313 61.069999694824219
50.549999237060547 51 51.450000762939453 51.680000305175781 51.889999389648437 51.909999847412109 52.150001525878906 52.450000762939453 52.669998168945313 52.740001678466797 52.880001068115234 53.169998168945313 53.459999084472656 53.759998321533203 54.009998321533203 54.259998321533203 54.569999694824219 54.889999389648438 55.220001220703125 55.5 55.740001678466797 55.979999542236328 56.220001220703125 56.419998168945313 56.630001068115234 56.869998931884766 56.849998474121094 56.990001678466797 57.290000915527344 57.599998474121094 57.889999389648438 58.209999084472656 58.580001831054688 58.840000152587891 59.060001373291016 59.259998321533203 59.490001678466797 59.689998626708984 59.810001373291016 60.009998321533203 60.259998321533203 60.590000152587891 60.75 60.849998474121094
50.330001831054687 50.779998779296875 51.229999542236328 51.599998474121094 51.700000762939453 51.720001220703125 51.939998626708984 52.25 52.389999389648438 52.459999084472656 52.549999237060547 52.770000457763672 53.119998931884766 53.479999542236328 53.830001831054688 54.139999389648437 54.459999084472656 54.770000457763672 55.110000610351562 55.430000305175781 55.680000305175781 55.919998168945313 56.150001525878906 56.409999847412109 56.610000610351563 56.729999542236328 56.740001678466797 56.840000152587891 57.189998626708984 57.470001220703125 57.700000762939453 58.009998321533203 58.299999237060547 58.560001373291016 58.810001373291016 59.040000915527344 59.259998321533203 59.479999542236328 59.680000305175781 59.799999237060547 59.939998626708984 60.240001678466797 60.409999847412109 60.540000915527344
50.220001220703125 50.650001525878906 51.080001831054688 51.130001068115234 51.220001220703125 51.310001373291016 51.759998321533203 52.029998779296875 52.099998474121094 52.180000305175781 52.240001678466797 52.470001220703125 53.020000457763672 53.549999237060547 53.639999389648437 54.029998779296875 54.340000152587891 54.659999847412109 54.990001678466797 55.360000610351563 55.610000610351562 55.860000610351563 56.099998474121094 56.409999847412109 56.689998626708984 56.669998168945313 56.770000457763672 56.909999847412109 57.209999084472656 57.340000152587891 57.520000457763672 57.830001831054688 58.090000152587891 58.299999237060547 58.439998626708984 58.650001525878906 58.880001068115234 59.099998474121094 59.319999694824219 59.549999237060547 59.720001220703125 59.919998168945313 60.049999237060547 60.180000305175781
50.099998474121094 50.169998168945313 50.139999389648438 50.130001068115234 50.229999542236328 50.689998626708984 51.409999847412109 51.830001831054688 51.930000305175781 52.029998779296875 52 52.450000762939453 53.110000610351563 53.540000915527344 53.610000610351563 53.810001373291016 54.200000762939453 54.549999237060547 54.880001068115234 55.290000915527344 55.540000915527344 55.689998626708984 55.919998168945313 56.209999084472656 56.400001525878906 56.490001678466797 56.689998626708984 56.950000762939453 57.060001373291016 57.200000762939453 57.340000152587891 57.619998931884766 57.819999694824219 58.029998779296875 58.169998168945313 58.349998474121094 58.560001373291016 58.779998779296875 59.009998321533203 59.25 59.450000762939453 59.549999237060547 59.680000305175781 59.939998626708984
49.180000305175781 49.159999847412109 49.130001068115234 49.130001068115234 49.360000610351562 50.270000457763672 50.959999084472656 51.580001831054688 51.830001831054688 51.909999847412109 51.900001525878906 52.380001068115234 53.020000457763672 53.389999389648438 53.590000152587891 53.669998168945313 53.970001220703125 54.369998931884766 54.759998321533203 55.049999237060547 55.240001678466797 55.459999084472656 55.700000762939453 55.930000305175781 56.080001831054688 56.189998626708984 56.409999847412109 56.680000305175781 56.889999389648438 57.020000457763672 57.220001220703125 57.430000305175781 57.599998474121094 57.759998321533203 57.939998626708984 58.119998931884766 58.299999237060547 58.490001678466797 58.680000305175781 58.880001068115234 59.090000152587891 59.229999542236328 59.389999389648438 59.709999084472656
48.720001220703125 48.669998168945313 48.619998931884766 48.650001525878906 49.040000915527344 49.860000610351563 50.439998626708984 51.150001525878906 51.740001678466797 51.810001373291016 51.819999694824219 52.159999847412109 52.630001068115234 52.900001525878906 53.169998168945313 53.439998626708984 53.729999542236328 54.119998931884766 54.520000457763672 54.75 55 55.229999542236328 55.459999084472656 55.610000610351562 55.759998321533203 55.889999389648437 56.139999389648438 56.409999847412109 56.689998626708984 56.900001525878906 57.099998474121094 57.310001373291016 57.520000457763672 57.669998168945313 57.700000762939453 57.840000152587891 58.020000457763672 58.189998626708984 58.369998931884766 58.580001831054688 58.779998779296875 58.880001068115234 59.110000610351562 59.450000762939453
48.659999847412109 48.639999389648438 48.639999389648438 48.689998626708984 48.849998474121094 49.360000610351562 49.909999847412109 50.720001220703125 51.529998779296875 51.669998168945312 51.759998321533203 51.970001220703125 52.290000915527344 52.610000610351563 52.939998626708984 53.259998321533203 53.529998779296875 53.840000152587891 54.180000305175781 54.450000762939453 54.610000610351563 54.959999084472656 55.240001678466797 55.349998474121094 55.490001678466797 55.669998168945313 55.889999389648437 56.290000915527344 56.630001068115234 56.75 56.889999389648438 57.090000152587891 57.310001373291016 57.490001678466797 57.599998474121094 57.639999389648437 57.700000762939453 57.889999389648438 58.049999237060547 58.240001678466797 58.369998931884766 58.569999694824219 58.849998474121094 59.110000610351562
48.659999847412109 48.650001525878906 48.650001525878906 48.720001220703125 48.840000152587891 49.279998779296875 49.759998321533203 50.580001831054688 51.369998931884766 51.580001831054688 51.669998168945312 51.840000152587891 52.139999389648438 52.470001220703125 52.790000915527344 53.049999237060547 53.330001831054688 53.689998626708984 53.959999084472656 54.240001678466797 54.450000762939453 54.75 55.029998779296875 55.200000762939453 55.240001678466797 55.540000915527344 55.830001831054688 56.139999389648438 56.400001525878906 56.549999237060547 56.689998626708984 56.860000610351562 57.139999389648438 57.310001373291016 57.409999847412109 57.509998321533203 57.549999237060547 57.770000457763672 57.900001525878906 58.110000610351563 58.180000305175781 58.459999084472656 58.630001068115234 58.880001068115234
48.590000152587891 48.610000610351563 48.659999847412109 48.569999694824219 48.740001678466797 49 49.939998626708984 50.759998321533203 51.580001831054688 51.75 51.819999694824219 51.75 52 52.319999694824219 52.580001831054687 52.840000152587891 53.119998931884766 53.540000915527344 53.799999237060547 54.029998779296875 54.299999237060547 54.560001373291016 54.830001831054687 55.090000152587891 55.319999694824219 55.490001678466797 55.639999389648438 55.840000152587891 56.119998931884766 56.270000457763672 56.450000762939453 56.689998626708984 56.970001220703125 57.119998931884766 57.229999542236328 57.349998474121094 57.360000610351562 57.700000762939453 57.779998779296875 57.909999847412109 58.029998779296875 58.180000305175781 58.409999847412109 58.639999389648438
48.540000915527344 48.619998931884766 48.729999542236328 48.779998779296875 48.909999847412109 49.009998321533203 50.110000610351563 50.869998931884766 51.369998931884766 51.729999542236328 51.869998931884766 51.979999542236328 51.919998168945313 52.119998931884766 52.369998931884766 52.630001068115234 52.909999847412109 53.380001068115234 53.639999389648437 53.889999389648438 54.130001068115234 54.369998931884766 54.610000610351563 54.860000610351563 55.090000152587891 55.279998779296875 55.459999084472656 55.590000152587891 55.860000610351563 56.060001373291016 56.270000457763672 56.509998321533203 56.709999084472656 56.909999847412109 57.099998474121094 57.189998626708984 57.310001373291016 57.560001373291016 57.680000305175781 57.700000762939453 57.880001068115234 58 58.189998626708984 58.419998168945312
48.549999237060547 48.630001068115234 48.779998779296875 49.049999237060547 49.220001220703125 49.810001373291016 50.270000457763672 50.720001220703125 51.169998168945313 51.569999694824219 51.810001373291016 51.930000305175781 51.950000762939453 52.150001525878906 52.380001068115234 52.619998931884766 52.880001068115234 53.130001068115234 53.400001525878906 53.659999847412109 53.900001525878906 54.139999389648437 54.389999389648438 54.630001068115234 54.869998931884766 55.080001831054688 55.240001678466797 55.389999389648437 55.639999389648438 55.869998931884766 56.080001831054688 56.340000152587891 56.409999847412109 56.560001373291016 56.75 56.950000762939453 57.069999694824219 57.330001831054688 57.560001373291016 57.790000915527344 57.840000152587891 57.900001525878906 58.069999694824219 58.270000457763672
