lab_4 Model terenu 3D/puszcza_bukowa_szmaragdowe.asc
ncols        428
nrows        482
xllcorner    208859.500000000000
yllcorner    620466.500000000000
cellsize     1.000000000000
NODATA_value  -9999
[rows 399 to 417 of 482, columns 220 to 263 of 428]
57.569999694824219 57.389999389648438 57.340000152587891 57.349998474121094 57.220001220703125 57.029998779296875 56.830001831054688 56.659999847412109 56.610000610351563 56.529998779296875 56.650001525878906 56.709999084472656 56.830001831054688 56.959999084472656 57.069999694824219 57.069999694824219 56.959999084472656 56.919998168945313 56.979999542236328 57.169998168945313 57.189998626708984 57.25 57.540000915527344 57.75 57.869998931884766 57.869998931884766 57.930000305175781 58.060001373291016 58.189998626708984 58.259998321533203 58.189998626708984 58.240001678466797 58.439998626708984 58.490001678466797 58.599998474121094 58.849998474121094 59.290000915527344 59.610000610351562 59.630001068115234 59.639999389648438 59.599998474121094 59.540000915527344 59.470001220703125 59.770000457763672
57.810001373291016 57.610000610351563 57.549999237060547 57.490001678466797 57.279998779296875 57.180000305175781 57 56.919998168945313 56.909999847412109 56.790000915527344 56.840000152587891 56.990001678466797 57.119998931884766 57.270000457763672 57.430000305175781 57.459999084472656 57.319999694824219 57.189998626708984 57.200000762939453 57.459999084472656 57.529998779296875 57.569999694824219 57.720001220703125 57.860000610351562 58 58.169998168945313 58.290000915527344 58.459999084472656 58.580001831054688 58.650001525878906 58.630001068115234 58.790000915527344 58.860000610351563 59 59.130001068115234 59.349998474121094 59.830001831054687 60.009998321533203 60.049999237060547 60.040000915527344 59.909999847412109 59.840000152587891 59.810001373291016 60.099998474121094
58.040000915527344 57.840000152587891 57.880001068115234 57.680000305175781 57.549999237060547 57.540000915527344 57.360000610351562 57.290000915527344 57.169998168945313 57.119998931884766 57.270000457763672 57.349998474121094 57.490001678466797 57.630001068115234 57.799999237060547 57.840000152587891 57.779998779296875 57.680000305175781 57.669998168945313 57.819999694824219 57.840000152587891 57.880001068115234 58 58.110000610351563 58.209999084472656 58.580001831054688 58.759998321533203 58.939998626708984 59.020000457763672 59.040000915527344 59.110000610351562 59.090000152587891 59.139999389648438 59.299999237060547 59.490001678466797 59.75 59.990001678466797 60.270000457763672 60.360000610351563 60.430000305175781 60.279998779296875 60.169998168945312 60.169998168945312 60.439998626708984
58.369998931884766 58.080001831054688 58.049999237060547 58.060001373291016 58.049999237060547 57.900001525878906 57.810001373291016 57.650001525878906 57.490001678466797 57.599998474121094 57.680000305175781 57.75 57.860000610351562 57.990001678466797 58.180000305175781 58.209999084472656 58.150001525878906 58.090000152587891 58.099998474121094 58.150001525878906 58.209999084472656 58.130001068115234 58.279998779296875 58.310001373291016 58.529998779296875 58.919998168945313 59.229999542236328 59.409999847412109 59.459999084472656 59.5 59.619998931884766 59.669998168945313 59.689998626708984 59.75 59.849998474121094 60.110000610351562 60.360000610351563 60.569999694824219 60.549999237060547 60.619998931884766 60.599998474121094 60.509998321533203 60.459999084472656 60.680000305175781
58.790000915527344 58.590000152587891 58.590000152587891 58.509998321533203 58.419998168945312 58.310001373291016 58.180000305175781 58.090000152587891 58.009998321533203 58.009998321533203 58.090000152587891 58.159999847412109 58.240001678466797 58.360000610351563 58.540000915527344 58.580001831054688 58.520000457763672 58.509998321533203 58.639999389648438 58.650001525878906 58.650001525878906 58.639999389648438 58.729999542236328 58.75 59.020000457763672 59.25 59.650001525878906 59.880001068115234 59.919998168945313 59.970001220703125 60.119998931884766 60.189998626708984 60.25 60.310001373291016 60.369998931884766 60.479999542236328 60.729999542236328 60.869998931884766 60.869998931884766 60.819999694824219 60.860000610351563 60.810001373291016 60.75 60.950000762939453
59.229999542236328 59.060001373291016 58.979999542236328 58.889999389648438 58.779998779296875 58.639999389648438 58.560001373291016 58.459999084472656 58.369998931884766 58.340000152587891 58.439998626708984 58.549999237060547 58.650001525878906 58.729999542236328 58.840000152587891 58.900001525878906 58.959999084472656 59 59.169998168945313 59.180000305175781 59.169998168945313 59.169998168945313 59.229999542236328 59.25 59.599998474121094 59.979999542236328 60.279998779296875 60.360000610351563 60.389999389648437 60.439998626708984 60.689998626708984 60.900001525878906 60.900001525878906 60.889999389648438 60.930000305175781 60.990001678466797 61.099998474121094 61.200000762939453 61.169998168945313 61.150001525878906 61.090000152587891 61.169998168945313 61.040000915527344 61.220001220703125
59.669998168945313 59.439998626708984 59.349998474121094 59.259998321533203 59.139999389648438 59 58.880001068115234 58.799999237060547 58.779998779296875 58.860000610351563 58.970001220703125 59.040000915527344 59.119998931884766 59.119998931884766 59.209999084472656 59.290000915527344 59.310001373291016 59.529998779296875 59.709999084472656 59.700000762939453 59.689998626708984 59.689998626708984 59.720001220703125 59.799999237060547 60.180000305175781 60.590000152587891 60.909999847412109 60.990001678466797 61.130001068115234 61.189998626708984 61.319999694824219 61.569999694824219 61.630001068115234 61.520000457763672 61.369998931884766 61.529998779296875 61.680000305175781 61.709999084472656 61.630001068115234 61.680000305175781 61.639999389648438 61.650001525878906 61.610000610351563 61.680000305175781
60.119998931884766 59.840000152587891 59.729999542236328 59.639999389648438 59.5 59.360000610351563 59.209999084472656 59.169998168945313 59.25 59.360000610351563 59.490001678466797 59.549999237060547 59.610000610351562 59.759998321533203 59.799999237060547 59.740001678466797 59.720001220703125 59.990001678466797 60.259998321533203 60.259998321533203 60.270000457763672 60.319999694824219 60.439998626708984 60.509998321533203 60.869998931884766 61.209999084472656 61.409999847412109 61.580001831054687 61.720001220703125 61.909999847412109 62.040000915527344 62.180000305175781 62.200000762939453 62.090000152587891 62.009998321533203 62.080001831054688 62.209999084472656 62.139999389648437 62.110000610351563 62.150001525878906 62.209999084472656 62.259998321533203 62.169998168945313 62.209999084472656
60.560001373291016 60.290000915527344 60.099998474121094 60 59.860000610351563 59.720001220703125 59.630001068115234 59.720001220703125 59.869998931884766 59.840000152587891 59.979999542236328 60.209999084472656 60.290000915527344 60.439998626708984 60.479999542236328 60.5 60.490001678466797 60.610000610351563 60.819999694824219 60.869998931884766 60.919998168945313 61.069999694824219 61.229999542236328 61.340000152587891 61.529998779296875 61.759998321533203 61.990001678466797 62.169998168945313 62.279998779296875 62.340000152587891 62.439998626708984 62.590000152587891 62.630001068115234 62.529998779296875 62.529998779296875 62.680000305175781 62.619998931884766 62.540000915527344 62.490001678466797 62.630001068115234 62.75 62.770000457763672 62.819999694824219 62.799999237060547
61.009998321533203 60.729999542236328 60.470001220703125 60.360000610351563 60.229999542236328 60.200000762939453 60.169998168945312 60.229999542236328 60.409999847412109 60.5 60.799999237060547 60.950000762939453 61.049999237060547 61.110000610351563 61.200000762939453 61.240001678466797 61.270000457763672 61.340000152587891 61.330001831054688 61.380001068115234 61.639999389648438 61.799999237060547 61.990001678466797 62.119998931884766 62.259998321533203 62.409999847412109 62.619998931884766 62.580001831054688 62.720001220703125 62.830001831054687 62.930000305175781 63.029998779296875 62.909999847412109 62.939998626708984 62.830001831054687 62.959999084472656 62.979999542236328 62.919998168945313 62.930000305175781 63.060001373291016 63.240001678466797 63.400001525878906 63.470001220703125 63.520000457763672
61.409999847412109 61.159999847412109 60.900001525878906 60.799999237060547 60.759998321533203 60.729999542236328 60.700000762939453 60.75 60.939998626708984 61.119998931884766 61.430000305175781 61.650001525878906 61.779998779296875 61.849998474121094 61.880001068115234 61.970001220703125 61.959999084472656 62.040000915527344 61.959999084472656 61.979999542236328 62.229999542236328 62.599998474121094 62.840000152587891 62.930000305175781 63.020000457763672 63.040000915527344 62.990001678466797 63.169998168945313 63.349998474121094 63.409999847412109 63.509998321533203 63.490001678466797 63.299999237060547 63.319999694824219 63.229999542236328 63.25 63.310001373291016 63.259998321533203 63.270000457763672 63.409999847412109 63.700000762939453 63.970001220703125 64.010002136230469 64.160003662109375
61.779998779296875 61.520000457763672 61.310001373291016 61.189998626708984 61.150001525878906 61.139999389648438 61.139999389648438 61.25 61.389999389648438 61.630001068115234 61.900001525878906 62.159999847412109 62.380001068115234 62.409999847412109 62.470001220703125 62.540000915527344 62.599998474121094 62.569999694824219 62.560001373291016 62.560001373291016 62.900001525878906 63.189998626708984 63.360000610351563 63.470001220703125 63.540000915527344 63.509998321533203 63.590000152587891 63.720001220703125 63.819999694824219 63.909999847412109 63.919998168945313 63.819999694824219 63.650001525878906 63.669998168945313 63.619998931884766 63.610000610351562 63.639999389648438 63.610000610351562 63.599998474121094 63.729999542236328 64.05999755859375 64.459999084472656 64.569999694824219 64.709999084472656
62.220001220703125 61.919998168945313 61.759998321533203 61.630001068115234 61.520000457763672 61.470001220703125 61.610000610351563 61.779998779296875 61.919998168945313 62.110000610351563 62.380001068115234 62.689998626708984 62.889999389648438 62.930000305175781 63.060001373291016 63.080001831054688 63.139999389648438 63.060001373291016 63.060001373291016 63.110000610351563 63.380001068115234 63.680000305175781 63.799999237060547 63.869998931884766 63.909999847412109 64.010002136230469 64.029998779296875 64.089996337890625 64.199996948242188 64.30999755859375 64.330001831054688 64.19000244140625 63.970001220703125 63.990001678466797 63.939998626708984 63.919998168945313 63.939998626708984 63.900001525878906 63.900001525878906 64.169998168945313 64.379997253417969 64.709999084472656 64.919998168945313 65.319999694824219
62.590000152587891 62.430000305175781 62.180000305175781 62.099998474121094 62.020000457763672 62.020000457763672 62.169998168945313 62.330001831054688 62.479999542236328 62.630001068115234 62.799999237060547 63.110000610351563 63.270000457763672 63.400001525878906 63.590000152587891 63.599998474121094 63.639999389648438 63.659999847412109 63.580001831054688 63.630001068115234 63.900001525878906 64.120002746582031 64.160003662109375 64.199996948242188 64.239997863769531 64.30999755859375 64.389999389648437 64.44000244140625 64.489997863769531 64.44000244140625 64.459999084472656 64.330001831054688 64.330001831054688 64.300003051757812 64.300003051757812 64.290000915527344 64.349998474121094 64.44000244140625 64.470001220703125 64.660003662109375 64.879997253417969 65.089996337890625 65.410003662109375 65.75
62.930000305175781 62.599998474121094 62.450000762939453 62.400001525878906 62.5 62.599998474121094 62.729999542236328 62.869998931884766 63 63.139999389648438 63.290000915527344 63.349998474121094 63.580001831054688 63.819999694824219 64.029998779296875 64.089996337890625 64.169998168945313 64.199996948242188 64.150001525878906 64.120002746582031 64.319999694824219 64.580001831054687 64.639999389648438 64.620002746582031 64.599998474121094 64.610000610351563 64.69000244140625 64.75 64.699996948242188 64.589996337890625 64.610000610351563 64.669998168945312 64.720001220703125 64.589996337890625 64.459999084472656 64.75 64.900001525878906 64.959999084472656 65.139999389648437 65.30999755859375 65.419998168945313 65.540000915527344 65.849998474121094 66.069999694824219
63.180000305175781 62.790000915527344 62.799999237060547 62.639999389648438 62.900001525878906 63.090000152587891 63.259998321533203 63.389999389648438 63.529998779296875 63.669998168945313 63.849998474121094 63.970001220703125 64.120002746582031 64.30999755859375 64.44000244140625 64.620002746582031 64.730003356933594 64.75 64.699996948242188 64.699996948242188 64.839996337890625 65 65.180000305175781 65.160003662109375 65.129997253417969 65.050003051757813 64.970001220703125 64.930000305175781 64.879997253417969 64.819999694824219 64.94000244140625 65.050003051757813 65.029998779296875 64.900001525878906 64.919998168945313 65.139999389648437 65.379997253417969 65.5 65.620002746582031 65.739997863769531 65.900001525878906 66.010002136230469 66.410003662109375 66.919998168945312
63.599998474121094 63.209999084472656 63.090000152587891 63.159999847412109 63.299999237060547 63.450000762939453 63.639999389648438 63.889999389648437 64.080001831054687 64.300003051757812 64.449996948242187 64.580001831054687 64.699996948242188 64.839996337890625 64.970001220703125 65.080001831054687 65.279998779296875 65.300003051757812 65.25 65.279998779296875 65.430000305175781 65.580001831054687 65.69000244140625 65.629997253417969 65.519996643066406 65.480003356933594 65.430000305175781 65.370002746582031 65.319999694824219 65.230003356933594 65.230003356933594 65.389999389648438 65.419998168945313 65.300003051757812 65.449996948242188 65.620002746582031 65.830001831054688 65.839996337890625 65.94000244140625 66.069999694824219 66.239997863769531 66.519996643066406 66.989997863769531 67.470001220703125
64.169998168945313 63.849998474121094 63.590000152587891 63.650001525878906 63.729999542236328 63.930000305175781 64.209999084472656 64.470001220703125 64.720001220703125 64.930000305175781 65.050003051757813 65.129997253417969 65.169998168945313 65.370002746582031 65.470001220703125 65.55999755859375 65.75 65.879997253417969 65.860000610351562 65.900001525878906 66.019996643066406 66.169998168945313 66.05999755859375 65.910003662109375 65.839996337890625 65.879997253417969 65.800003051757812 65.730003356933594 65.650001525878906 65.599998474121094 65.550003051757813 65.580001831054687 65.790000915527344 65.870002746582031 66.019996643066406 66.169998168945313 66.180000305175781 66.220001220703125 66.279998779296875 66.480003356933594 66.769996643066406 67.05999755859375 67.529998779296875 68.019996643066406
64.650001525878906 64.400001525878906 64.129997253417969 64.209999084472656 64.209999084472656 64.449996948242187 64.779998779296875 65.110000610351563 65.370002746582031 65.540000915527344 65.699996948242188 65.699996948242188 65.790000915527344 65.839996337890625 65.910003662109375 66.040000915527344 66.180000305175781 66.339996337890625 66.5 66.529998779296875 66.629997253417969 66.610000610351563 66.360000610351562 66.319999694824219 66.300003051757813 66.279998779296875 66.279998779296875 66.139999389648437 66.05999755859375 66.019996643066406 66.040000915527344 66.139999389648437 66.209999084472656 66.319999694824219 66.489997863769531 66.480003356933594 66.379997253417969 66.44000244140625 66.650001525878906 66.760002136230469 67.180000305175781 67.44000244140625 67.959999084472656 68.449996948242187
