[RasterDrawingParams]
Color=7
Orientation=1
XInsertionPoint=205552.629145
YInsertionPoint=626795.005030
XScale=1000.000000
YScale=1000.000000
XResolution=300.000000
YResolution=300.000000
Length=6172
Width=10255
Units=7
Comment=
GeoMapping=

