lab_12 WebODM/Sebastiana-Klonowica-23052022-georeferenced_model.asc
ncols 146
nrows 178
xllcorner 200663.000000
yllcorner 629792.000000
cellsize 1.000000
NODATA_value -9999.0
[rows 64 to 95 of 178, columns 0 to 72 of 146]
-9999.0 -9999.0 -9999.0 -9999.0 -9999.0 -9999.0 -9999.0 -9999.0 -9999.0 -9999.0 -9999.0 -9999.0 -9999.0 -9999.0 -9999.0 -9999.0 -9999.0 32.03 31.72 32.79 34.61 -9999.0 -9999.0 -9999.0 -9999.0 -9999.0 28.61 31.15 30.91 31.34 36.85 36.81 39.76 41.77 -9999.0 -9999.0 -9999.0 -9999.0 -9999.0 -9999.0 -9999.0 -9999.0 -9999.0 -9999.0 -9999.0 -9999.0 -9999.0 -9999.0 -9999.0 29.03 29.12 29.32 36.27 36.18 -9999.0 -9999.0 36.51 35.56 29.77 29.77 29.57 29.59 29.64 29.70 29.73 29.78 29.82 -9999.0 40.07 -9999.0 42.50 -9999.0 -9999.0
-9999.0 -9999.0 -9999.0 -9999.0 -9999.0 -9999.0 -9999.0 -9999.0 -9999.0 -9999.0 -9999.0 -9999.0 -9999.0 -9999.0 -9999.0 -9999.0 36.34 31.85 32.27 32.23 32.94 34.55 -9999.0 -9999.0 -9999.0 28.66 28.47 30.03 30.99 31.42 -9999.0 30.91 37.40 40.60 -9999.0 -9999.0 -9999.0 -9999.0 -9999.0 -9999.0 -9999.0 -9999.0 -9999.0 35.72 35.49 -9999.0 -9999.0 -9999.0 -9999.0 29.12 29.29 29.47 29.44 29.13 35.28 35.97 -9999.0 -9999.0 29.66 29.78 29.80 29.58 29.56 29.65 29.71 29.70 29.80 -9999.0 -9999.0 30.00 -9999.0 -9999.0 -9999.0
-9999.0 -9999.0 -9999.0 -9999.0 -9999.0 -9999.0 -9999.0 -9999.0 -9999.0 33.88 -9999.0 -9999.0 -9999.0 -9999.0 -9999.0 -9999.0 36.60 31.56 30.95 31.21 31.60 28.55 28.57 28.63 28.62 28.64 28.71 28.68 29.48 30.52 -9999.0 35.99 35.73 36.41 40.93 -9999.0 -9999.0 -9999.0 -9999.0 -9999.0 -9999.0 -9999.0 -9999.0 -9999.0 36.11 -9999.0 -9999.0 29.13 29.24 29.19 -9999.0 29.60 29.26 29.55 29.30 31.81 32.02 29.46 29.46 29.47 29.50 29.50 29.61 29.61 29.73 29.91 29.91 29.85 29.98 30.04 -9999.0 -9999.0 -9999.0
-9999.0 -9999.0 -9999.0 -9999.0 -9999.0 -9999.0 -9999.0 -9999.0 34.41 -9999.0 -9999.0 -9999.0 36.38 36.59 -9999.0 -9999.0 -9999.0 35.20 34.77 33.02 28.72 28.85 28.47 28.51 28.62 28.63 28.69 30.04 -9999.0 30.79 30.77 35.11 31.18 36.20 40.35 -9999.0 -9999.0 38.34 -9999.0 -9999.0 -9999.0 36.64 34.65 -9999.0 -9999.0 34.02 29.15 29.13 29.13 29.13 29.30 29.32 29.30 29.02 29.37 29.34 29.40 29.36 29.41 29.44 29.44 29.54 29.51 29.67 29.89 29.85 30.05 30.03 29.94 -9999.0 -9999.0 -9999.0 -9999.0
-9999.0 -9999.0 -9999.0 -9999.0 -9999.0 -9999.0 28.08 -9999.0 -9999.0 -9999.0 -9999.0 -9999.0 37.60 37.52 -9999.0 35.55 36.28 28.42 -9999.0 -9999.0 33.02 30.84 27.79 28.45 28.64 28.53 -9999.0 -9999.0 -9999.0 -9999.0 -9999.0 31.15 31.63 -9999.0 -9999.0 31.78 33.92 31.80 31.47 35.44 35.60 28.94 28.98 -9999.0 -9999.0 29.03 29.00 29.12 29.21 29.08 29.12 29.17 29.21 29.28 29.26 29.33 29.33 29.38 29.39 29.42 29.50 29.59 29.72 29.73 29.74 29.90 30.00 30.01 30.09 -9999.0 -9999.0 -9999.0 -9999.0
-9999.0 -9999.0 -9999.0 -9999.0 -9999.0 27.91 -9999.0 -9999.0 -9999.0 -9999.0 35.60 -9999.0 37.38 -9999.0 34.93 -9999.0 -9999.0 -9999.0 -9999.0 36.97 -9999.0 29.23 28.46 28.38 28.69 32.29 31.74 -9999.0 -9999.0 -9999.0 -9999.0 -9999.0 -9999.0 31.71 32.29 31.33 30.89 31.09 31.00 30.47 29.02 29.02 29.06 30.29 29.01 29.04 29.05 29.07 29.07 29.09 29.14 29.21 29.25 29.24 29.12 29.28 29.34 29.45 29.51 29.47 29.59 29.62 29.65 29.84 29.68 29.95 29.78 33.67 36.01 -9999.0 -9999.0 -9999.0 -9999.0
-9999.0 -9999.0 -9999.0 -9999.0 -9999.0 -9999.0 -9999.0 -9999.0 -9999.0 -9999.0 -9999.0 -9999.0 37.52 -9999.0 36.21 -9999.0 28.69 28.27 -9999.0 -9999.0 -9999.0 28.55 29.47 28.52 31.80 31.92 33.24 33.32 -9999.0 -9999.0 -9999.0 -9999.0 31.28 31.80 31.85 31.77 31.64 31.20 29.08 29.09 30.82 28.95 28.95 -9999.0 28.93 -9999.0 -9999.0 29.03 29.14 29.11 29.21 29.21 -9999.0 29.14 29.28 29.27 29.36 29.42 29.48 29.61 29.59 29.63 29.80 29.87 29.97 29.95 29.74 33.89 -9999.0 -9999.0 -9999.0 -9999.0 -9999.0
-9999.0 -9999.0 -9999.0 -9999.0 37.59 -9999.0 -9999.0 -9999.0 35.16 -9999.0 -9999.0 -9999.0 -9999.0 35.92 36.55 33.05 -9999.0 28.26 28.20 -9999.0 28.44 28.38 28.50 -9999.0 31.37 32.12 -9999.0 33.34 -9999.0 -9999.0 -9999.0 -9999.0 -9999.0 29.77 31.07 31.87 32.24 31.55 28.97 28.89 28.80 28.73 -9999.0 28.87 -9999.0 -9999.0 -9999.0 -9999.0 29.23 29.13 -9999.0 29.30 -9999.0 31.00 29.52 29.08 29.19 29.46 29.48 29.56 29.65 29.70 29.69 29.77 29.91 29.87 29.93 29.88 35.35 35.98 -9999.0 -9999.0 30.08
-9999.0 -9999.0 -9999.0 -9999.0 -9999.0 -9999.0 -9999.0 -9999.0 -9999.0 35.12 36.07 35.45 36.00 36.11 36.88 36.91 26.91 -9999.0 28.24 28.33 28.47 28.44 28.15 28.34 28.54 32.73 31.45 32.45 32.63 -9999.0 31.20 -9999.0 29.60 -9999.0 29.01 30.96 30.85 29.14 28.78 28.71 28.72 28.42 28.92 -9999.0 -9999.0 -9999.0 -9999.0 -9999.0 -9999.0 29.11 -9999.0 29.36 30.69 -9999.0 41.18 29.06 29.03 29.17 29.23 29.61 29.46 29.65 29.66 29.74 29.88 29.92 30.00 30.08 30.02 33.66 34.31 36.52 30.00
-9999.0 30.84 -9999.0 30.04 -9999.0 -9999.0 -9999.0 -9999.0 -9999.0 -9999.0 35.55 35.26 -9999.0 37.33 36.96 37.53 27.01 -9999.0 -9999.0 27.91 28.21 28.50 28.42 28.34 28.47 32.65 32.65 31.91 32.45 -9999.0 33.20 30.07 29.34 28.80 28.52 28.73 28.83 -9999.0 28.82 28.73 -9999.0 28.86 -9999.0 -9999.0 -9999.0 -9999.0 -9999.0 -9999.0 29.06 28.99 29.05 29.32 29.32 -9999.0 -9999.0 29.04 29.03 29.06 29.04 29.23 29.22 29.54 29.70 29.77 29.74 29.91 29.97 29.97 30.00 -9999.0 30.10 30.11 30.07
-9999.0 -9999.0 30.87 30.33 30.21 31.15 -9999.0 -9999.0 -9999.0 -9999.0 -9999.0 -9999.0 36.88 36.92 37.27 37.99 -9999.0 28.87 29.17 27.90 28.04 28.44 28.31 28.43 -9999.0 -9999.0 31.33 31.37 31.33 34.13 35.93 33.86 28.59 28.66 28.70 28.64 28.76 28.62 28.71 -9999.0 -9999.0 -9999.0 -9999.0 -9999.0 -9999.0 -9999.0 -9999.0 28.89 29.10 -9999.0 30.11 -9999.0 -9999.0 -9999.0 43.28 -9999.0 29.03 29.06 29.01 29.07 29.05 29.06 29.65 29.65 29.80 29.72 29.84 29.89 29.96 29.97 29.43 30.09 30.08
30.67 -9999.0 -9999.0 31.68 30.66 -9999.0 -9999.0 -9999.0 -9999.0 -9999.0 -9999.0 36.88 36.90 37.26 38.37 38.71 39.94 -9999.0 30.98 30.21 28.61 28.55 -9999.0 28.45 28.51 28.38 28.46 31.34 31.48 32.00 -9999.0 28.68 28.64 28.69 28.65 28.71 28.75 28.66 -9999.0 -9999.0 28.68 -9999.0 -9999.0 -9999.0 -9999.0 -9999.0 30.00 29.74 29.86 -9999.0 -9999.0 27.60 -9999.0 -9999.0 -9999.0 -9999.0 41.84 29.54 29.16 29.30 29.10 21.27 29.16 29.32 29.85 29.84 29.83 29.76 29.96 30.01 30.02 -14.65 29.97
-9999.0 -9999.0 -9999.0 30.35 -9999.0 -9999.0 -9999.0 -9999.0 -9999.0 -9999.0 -9999.0 36.74 37.23 38.00 39.16 -9999.0 40.26 39.58 37.76 30.22 29.66 -9999.0 28.45 28.41 28.24 28.36 28.42 28.45 28.61 29.50 29.23 28.40 28.60 28.57 28.67 28.83 28.64 -9999.0 -9999.0 -9999.0 -9999.0 -9999.0 -9999.0 -9999.0 -9999.0 29.78 30.15 30.10 -9999.0 -9999.0 -9999.0 -9999.0 42.88 -9999.0 -9999.0 42.99 42.63 -9999.0 -9999.0 29.20 29.35 29.80 29.01 29.05 29.65 29.75 29.83 29.87 29.93 30.03 29.99 29.97 29.93
-9999.0 -9999.0 -9999.0 -9999.0 -9999.0 -9999.0 -9999.0 -9999.0 -9999.0 -9999.0 36.73 37.54 37.91 38.41 39.18 40.07 42.51 39.33 39.02 37.87 30.46 28.46 28.40 28.36 28.36 28.36 28.31 28.33 28.51 28.55 31.39 30.96 28.57 28.63 28.56 28.47 28.53 -9999.0 -9999.0 -9999.0 -9999.0 -9999.0 -9999.0 -9999.0 29.23 30.12 30.03 -9999.0 -9999.0 30.44 -9999.0 -9999.0 -9999.0 -9999.0 -9999.0 -9999.0 43.61 -9999.0 41.47 43.39 25.87 30.01 30.48 29.09 29.10 -9999.0 29.76 30.01 29.87 30.06 -9999.0 29.95 30.00
-9999.0 -9999.0 -9999.0 -9999.0 -9999.0 -9999.0 -9999.0 -9999.0 36.66 36.84 39.29 39.25 39.04 39.10 39.81 40.68 42.17 41.08 40.11 39.13 38.03 37.03 28.36 28.32 28.35 -9999.0 28.30 28.26 28.38 29.07 31.90 31.53 32.03 28.29 28.51 28.53 -9999.0 -9999.0 -9999.0 -9999.0 -9999.0 -9999.0 -9999.0 -9999.0 29.97 30.05 -9999.0 -9999.0 36.94 41.04 42.99 -9999.0 -9999.0 46.42 -9999.0 -9999.0 43.65 43.62 -9999.0 -9999.0 22.08 30.24 29.26 29.03 -9999.0 29.24 29.62 29.72 30.00 29.90 29.79 29.91 -12.24
-9999.0 -9999.0 -9999.0 -9999.0 -9999.0 -9999.0 -9999.0 36.86 36.83 38.79 38.98 39.22 39.29 42.10 40.66 41.22 42.18 41.25 40.60 39.59 38.46 38.23 37.58 28.31 28.31 -9999.0 28.39 28.34 28.29 28.32 28.42 31.50 32.20 32.26 28.46 28.40 28.47 -9999.0 -9999.0 -9999.0 -9999.0 -9999.0 28.76 28.77 29.17 30.05 -9999.0 -9999.0 42.95 43.00 43.38 -9999.0 46.52 -9999.0 46.17 -9999.0 -9999.0 44.31 -9999.0 -9999.0 42.00 -9999.0 29.30 29.08 29.14 -9999.0 29.18 29.60 29.88 29.99 30.00 29.99 30.01
-9999.0 -9999.0 -9999.0 -9999.0 -9999.0 -9999.0 -9999.0 36.75 37.15 -9999.0 39.25 39.13 39.70 43.75 43.79 41.75 42.69 42.79 41.27 40.25 39.77 38.80 37.98 33.95 28.35 28.28 28.33 28.32 29.43 29.00 -9999.0 31.36 -9999.0 29.66 28.74 28.41 28.51 -9999.0 -9999.0 -9999.0 -9999.0 -9999.0 28.68 29.13 -9999.0 -9999.0 -9999.0 41.69 43.00 43.42 -9999.0 46.57 46.40 47.87 -9999.0 -9999.0 -9999.0 -9999.0 -9999.0 -9999.0 42.85 -9999.0 -9999.0 -9999.0 29.96 29.05 28.85 29.09 29.55 29.70 29.82 30.01 30.00
-9999.0 -9999.0 -9999.0 -9999.0 -9999.0 -9999.0 -9999.0 37.08 -9999.0 -9999.0 39.16 39.55 40.29 41.70 -9999.0 43.11 43.55 43.21 43.11 41.27 40.81 40.41 39.07 -9999.0 34.59 28.31 28.27 -9999.0 28.98 28.37 29.11 28.34 -9999.0 28.37 29.33 28.61 28.39 28.51 28.49 28.54 -9999.0 28.58 28.69 28.83 -9999.0 -9999.0 41.33 -9999.0 42.96 -9999.0 -9999.0 46.69 -9999.0 47.89 47.99 46.83 46.81 -9999.0 -9999.0 -9999.0 44.31 -9999.0 43.51 -9999.0 -9999.0 29.07 29.13 28.94 29.41 -9999.0 29.72 29.95 29.92
-9999.0 -9999.0 -9999.0 -9999.0 -9999.0 -9999.0 -9999.0 39.37 38.40 -9999.0 -9999.0 -9999.0 -9999.0 -9999.0 -9999.0 43.73 -9999.0 43.31 42.85 42.22 41.61 25.48 39.66 38.92 38.12 25.55 28.28 28.27 -9999.0 28.34 28.30 29.37 28.31 28.27 29.05 29.40 28.88 -9999.0 -9999.0 -9999.0 28.59 28.17 29.08 29.07 -9999.0 41.22 30.32 43.01 -9999.0 -9999.0 47.98 47.48 -9999.0 -9999.0 48.51 -9999.0 46.77 -9999.0 -9999.0 -9999.0 44.39 43.79 -9999.0 -9999.0 41.53 29.15 28.96 29.10 29.14 29.17 29.42 29.60 29.87
-9999.0 -9999.0 -9999.0 -9999.0 -9999.0 -9999.0 39.28 39.33 -9999.0 -9999.0 -9999.0 -9999.0 -9999.0 -9999.0 -9999.0 -9999.0 -9999.0 -9999.0 42.15 41.54 41.29 -9999.0 40.07 -9999.0 -9999.0 -9999.0 -9999.0 30.05 28.20 28.26 28.40 29.47 29.03 28.38 28.33 28.45 28.50 28.45 -9999.0 28.48 28.37 -9999.0 28.62 30.05 -9999.0 -9999.0 43.99 44.19 -9999.0 45.74 46.56 47.95 -9999.0 45.65 48.84 48.05 -9999.0 49.79 -9999.0 -9999.0 -9999.0 -9999.0 -9999.0 43.76 -9999.0 -9999.0 -9999.0 29.06 28.97 29.09 29.15 29.27 29.76
-9999.0 -9999.0 -9999.0 -9999.0 37.36 -9999.0 39.28 -9999.0 39.49 -9999.0 -9999.0 -9999.0 42.83 -9999.0 -9999.0 44.63 -9999.0 42.97 44.11 41.18 40.43 39.60 39.33 -9999.0 -9999.0 37.23 28.22 27.69 28.95 29.09 28.10 28.27 29.56 28.78 28.58 -9999.0 -9999.0 -9999.0 28.44 28.44 28.56 -9999.0 28.50 29.70 41.71 42.23 42.76 43.94 44.37 44.99 45.61 46.82 -9999.0 -9999.0 48.45 42.58 -9999.0 -9999.0 -9999.0 -9999.0 -9999.0 -9999.0 -9999.0 44.55 43.19 -9999.0 -9999.0 27.46 29.04 29.15 29.13 29.54 29.64
-9999.0 -9999.0 -9999.0 37.31 -9999.0 -9999.0 -9999.0 -9999.0 -9999.0 41.43 -9999.0 -9999.0 43.67 -9999.0 -9999.0 -9999.0 -9999.0 42.05 -9999.0 40.59 39.44 38.98 38.43 38.05 37.30 28.21 -9999.0 28.22 28.21 28.58 28.84 28.94 -9999.0 28.24 -9999.0 28.29 28.23 28.33 28.46 -9999.0 -9999.0 28.47 28.46 27.73 41.02 41.59 42.17 43.16 43.80 44.42 45.05 45.59 46.39 45.12 48.42 42.75 -9999.0 -9999.0 47.92 47.47 47.17 -9999.0 -9999.0 44.76 43.96 43.65 -9999.0 -9999.0 -9999.0 29.08 29.09 29.10 29.14
-9999.0 -9999.0 -9999.0 -9999.0 -9999.0 39.19 -9999.0 -9999.0 -9999.0 -9999.0 -9999.0 -9999.0 -9999.0 -9999.0 43.80 -9999.0 41.83 -9999.0 40.77 39.82 39.73 38.41 37.55 37.30 -9999.0 28.16 -9999.0 29.24 28.99 29.38 28.22 29.00 -9999.0 -9999.0 -9999.0 -9999.0 28.34 28.15 -9999.0 28.42 28.40 28.38 28.51 -9999.0 40.74 41.20 41.65 42.39 43.36 43.53 44.26 45.06 45.52 46.43 47.47 48.88 48.51 -9999.0 48.65 47.73 47.25 49.25 -9999.0 45.70 -9999.0 43.72 43.69 20.49 -9999.0 21.90 29.08 -9999.0 29.17
-9999.0 -9999.0 -9999.0 -9999.0 -9999.0 -9999.0 -9999.0 -9999.0 -9999.0 -9999.0 -9999.0 -9999.0 -9999.0 43.60 -9999.0 -9999.0 -9999.0 40.79 -9999.0 -9999.0 39.57 -9999.0 37.20 36.81 28.14 -9999.0 28.10 28.87 29.50 28.52 28.35 -9999.0 -9999.0 -9999.0 -9999.0 28.24 -9999.0 -9999.0 28.33 28.35 28.40 28.38 -9999.0 -9999.0 28.66 28.72 35.33 -9999.0 -9999.0 43.40 43.47 44.58 45.05 45.93 46.28 -9999.0 47.64 48.47 49.38 -9999.0 -9999.0 -9999.0 -9999.0 -9999.0 45.53 44.77 44.21 -9999.0 -9999.0 24.93 -9999.0 29.16 29.15
-9999.0 -9999.0 -9999.0 -9999.0 -9999.0 -9999.0 -9999.0 -9999.0 -9999.0 -9999.0 -9999.0 -9999.0 -9999.0 -9999.0 -9999.0 -9999.0 -9999.0 40.13 39.17 38.38 -9999.0 -9999.0 28.18 28.09 28.12 28.12 28.11 28.13 28.09 28.91 29.05 -9999.0 -9999.0 -9999.0 -9999.0 -9999.0 -9999.0 -9999.0 -9999.0 28.31 27.97 -9999.0 28.44 28.55 -9999.0 -9999.0 40.84 38.12 -9999.0 -9999.0 43.18 43.65 44.29 44.99 45.49 46.47 47.29 47.88 48.51 49.31 48.81 48.53 47.25 -9999.0 -9999.0 -9999.0 -9999.0 -9999.0 23.07 -9999.0 -9999.0 -9999.0 29.25
-9999.0 -9999.0 -9999.0 -9999.0 -9999.0 -9999.0 -9999.0 -9999.0 -9999.0 -9999.0 -9999.0 -9999.0 -9999.0 -9999.0 -9999.0 40.51 39.82 -9999.0 38.72 37.91 37.66 36.92 28.06 28.07 28.07 28.07 -9999.0 28.10 28.10 -9999.0 -9999.0 28.06 28.18 28.12 28.13 28.09 28.11 28.16 -9999.0 28.31 28.21 -9999.0 28.40 -9999.0 -9999.0 -9999.0 -9999.0 40.74 31.36 38.20 42.57 42.54 43.42 44.43 45.05 45.84 46.32 47.52 48.43 -9999.0 49.42 48.94 -9999.0 -9999.0 -9999.0 -9999.0 -9999.0 -9999.0 44.09 44.00 -9999.0 43.58 -9999.0
-9999.0 -9999.0 -9999.0 -9999.0 -9999.0 -9999.0 -9999.0 -9999.0 -9999.0 -9999.0 -9999.0 -9999.0 -9999.0 41.10 40.47 39.81 39.62 38.29 -9999.0 37.26 28.21 27.97 28.44 28.07 28.03 28.04 -9999.0 -9999.0 28.08 27.96 28.05 28.11 28.08 28.02 27.94 28.10 28.42 28.18 28.18 28.20 28.27 28.24 28.28 28.31 -9999.0 -9999.0 -9999.0 -9999.0 -9999.0 41.11 41.70 42.43 43.21 43.61 44.34 44.90 45.51 46.51 -9999.0 -9999.0 48.78 49.13 -9999.0 48.30 47.58 -9999.0 -9999.0 -9999.0 -9999.0 -9999.0 -9999.0 42.89 -9999.0
-9999.0 -9999.0 -9999.0 -9999.0 -9999.0 -9999.0 -9999.0 -9999.0 -9999.0 -9999.0 -9999.0 -9999.0 -9999.0 40.47 40.26 39.12 39.26 -9999.0 37.56 -9999.0 -9999.0 28.64 28.31 -9999.0 27.93 28.01 27.92 -9999.0 27.91 27.94 28.02 27.98 28.05 28.08 28.09 28.11 28.15 28.17 28.22 -9999.0 -9999.0 28.29 28.22 28.11 28.18 28.23 28.36 -9999.0 -9999.0 41.06 40.97 38.26 43.37 43.43 43.45 44.24 44.99 45.54 45.93 47.15 47.52 49.15 49.17 -9999.0 48.45 -9999.0 49.68 -9999.0 46.20 -9999.0 -9999.0 -9999.0 -9999.0
-9999.0 -9999.0 -9999.0 -9999.0 -9999.0 -9999.0 -9999.0 -9999.0 -9999.0 42.75 42.38 41.21 40.64 40.02 39.54 39.05 39.14 -9999.0 36.71 36.81 29.38 28.79 27.96 -9999.0 28.05 27.90 27.91 27.85 27.99 27.97 28.04 28.01 28.04 28.06 28.13 28.11 28.16 28.15 -9999.0 28.27 27.93 -9999.0 28.22 28.31 28.28 -9999.0 28.40 28.44 28.54 -9999.0 41.04 29.01 41.41 43.49 42.90 43.25 30.85 45.12 45.50 46.19 46.96 48.16 49.08 49.37 49.19 48.22 47.91 -9999.0 46.54 -9999.0 -9999.0 44.63 43.69
-9999.0 -9999.0 -9999.0 -9999.0 -9999.0 -9999.0 -9999.0 -9999.0 42.74 42.10 41.27 40.88 39.81 39.04 38.59 38.11 -9999.0 37.21 27.92 27.68 29.10 -9999.0 -9999.0 -9999.0 27.88 27.81 27.75 27.87 28.09 27.95 27.96 -9999.0 28.00 28.00 28.08 28.00 28.15 28.15 27.84 28.22 28.01 28.28 28.22 28.27 28.29 -9999.0 28.38 28.39 28.49 28.75 -9999.0 28.63 27.65 29.24 41.86 42.37 43.61 44.69 45.11 45.12 46.32 -9999.0 47.39 48.55 49.37 -9999.0 48.20 47.56 -9999.0 -9999.0 45.48 45.02 -9999.0
-9999.0 -9999.0 -9999.0 -9999.0 -9999.0 -9999.0 -9999.0 -9999.0 -9999.0 41.22 40.65 39.99 39.62 38.79 37.88 -9999.0 -9999.0 27.88 27.88 27.84 27.85 27.92 27.79 27.63 27.86 27.87 27.88 27.94 27.99 27.85 27.91 27.96 27.99 29.64 28.12 28.15 29.27 28.16 28.05 28.16 28.13 28.28 28.28 28.30 28.31 28.26 28.16 28.46 -9999.0 28.62 28.65 -9999.0 28.64 28.73 32.14 43.34 -9999.0 43.53 43.92 44.50 45.12 46.10 46.76 47.59 48.54 48.94 49.18 48.55 47.92 47.31 46.81 -9999.0 45.08
-9999.0 -9999.0 -9999.0 -9999.0 -9999.0 -9999.0 -9999.0 -9999.0 -9999.0 -9999.0 40.00 39.37 39.11 38.29 37.54 37.11 27.84 -9999.0 -9999.0 -9999.0 27.64 27.72 27.74 27.73 26.86 27.88 27.97 28.46 28.32 28.15 27.95 29.04 29.08 29.37 29.44 29.34 29.50 29.54 29.52 29.57 28.40 28.23 28.21 28.31 28.30 28.34 28.33 -9999.0 28.45 28.43 28.30 28.60 -9999.0 28.72 28.75 32.24 43.39 -9999.0 43.48 32.44 44.92 45.31 45.94 46.53 47.40 48.68 49.22 -9999.0 48.96 47.73 -9999.0 46.96 -9999.0
