lab_12 WebODM/Sebastiana-Klonowica-23052022-georeferenced_model.asc
ncols 146
nrows 178
xllcorner 200663.000000
yllcorner 629792.000000
cellsize 1.000000
NODATA_value -9999.0
[rows 96 to 127 of 178, columns 73 to 145 of 146]
-9999.0 -9999.0 -9999.0 43.80 43.67 -9999.0 -9999.0 41.20 29.18 29.24 29.20 29.28 29.34 29.65 29.85 37.86 30.05 -9999.0 30.11 38.12 -9999.0 30.12 -15.64 29.90 -9999.0 29.74 29.80 30.07 30.49 30.62 30.68 31.52 29.95 -71.36 29.60 29.52 -9999.0 -9999.0 -9999.0 29.81 29.42 29.58 29.93 29.59 29.60 29.42 -9999.0 29.27 -9999.0 29.46 29.58 30.55 -9999.0 -9999.0 -9999.0 -9999.0 -9999.0 -9999.0 -9999.0 -9999.0 -9999.0 -9999.0 -9999.0 -9999.0 -9999.0 -9999.0 -9999.0 -9999.0 -9999.0 -9999.0 -9999.0 -9999.0 -9999.0
-9999.0 46.89 45.59 44.64 44.51 43.48 43.09 41.79 41.40 -9999.0 29.17 29.14 -9999.0 29.33 29.78 29.90 30.01 30.05 30.14 30.30 30.18 30.06 30.00 30.03 30.04 29.81 29.71 29.70 29.67 30.73 31.43 -9999.0 31.02 29.82 -9999.0 29.54 29.57 -9999.0 -9999.0 -9999.0 -9999.0 29.71 29.60 29.56 29.48 -9999.0 29.45 -9999.0 -9999.0 29.34 29.64 -9999.0 -9999.0 -9999.0 -9999.0 -9999.0 -9999.0 -9999.0 -9999.0 -9999.0 -9999.0 -9999.0 -9999.0 -9999.0 -9999.0 -9999.0 -9999.0 -9999.0 -9999.0 -9999.0 -9999.0 -9999.0 -9999.0
49.52 -9999.0 45.99 45.44 44.85 43.74 43.73 43.09 43.66 41.63 29.17 29.21 29.28 29.18 29.42 29.51 29.97 29.99 30.14 30.28 -15.67 30.11 30.06 29.99 -9999.0 29.89 29.85 29.78 29.73 29.19 30.22 30.66 30.98 30.45 30.65 -9999.0 29.52 -9999.0 -9999.0 -9999.0 29.66 -9999.0 -9999.0 29.73 29.46 29.44 -9999.0 -9999.0 29.49 29.48 30.00 -9999.0 30.93 -9999.0 -9999.0 -9999.0 -9999.0 -9999.0 -9999.0 -9999.0 -9999.0 -9999.0 -9999.0 -9999.0 -9999.0 -9999.0 -9999.0 -9999.0 -9999.0 -9999.0 -9999.0 -9999.0 -9999.0
-9999.0 47.62 46.67 46.33 45.17 44.57 43.99 43.69 25.12 43.65 -9999.0 29.23 29.17 29.30 29.40 29.39 29.54 29.96 -9999.0 -9999.0 30.08 30.07 30.10 30.03 30.05 30.00 29.87 29.55 29.81 29.53 29.80 30.15 30.66 30.93 -9999.0 -9999.0 29.57 29.27 -9999.0 -9999.0 -9999.0 -9999.0 -9999.0 29.39 29.43 29.31 -9999.0 -9999.0 -9999.0 -9999.0 29.47 29.80 -9999.0 40.25 -9999.0 -9999.0 -9999.0 -9999.0 -9999.0 -9999.0 -9999.0 -9999.0 -9999.0 -9999.0 -9999.0 -9999.0 -9999.0 -9999.0 -9999.0 -9999.0 -9999.0 -9999.0 -9999.0
49.02 47.65 47.36 47.02 45.81 45.36 44.63 43.84 43.73 -9999.0 -9999.0 41.57 29.23 29.22 29.30 29.39 29.48 29.75 29.87 30.00 30.05 29.85 30.08 30.02 -12.41 29.98 29.84 29.81 29.71 29.65 29.58 29.56 30.22 30.42 30.71 29.71 29.62 29.60 -9999.0 -9999.0 29.47 -9999.0 29.35 29.25 29.44 29.63 -9999.0 -9999.0 30.42 38.60 29.68 39.88 40.16 40.62 -9999.0 -9999.0 -9999.0 -9999.0 -9999.0 -9999.0 -9999.0 -9999.0 -9999.0 -9999.0 -9999.0 29.78 -9999.0 -9999.0 -9999.0 -9999.0 -9999.0 -9999.0 -9999.0
-9999.0 48.61 47.96 47.54 47.00 45.96 45.41 45.29 44.75 -9999.0 42.61 42.56 -9999.0 29.16 29.21 29.17 29.23 29.24 29.70 30.09 29.82 30.01 29.71 30.05 30.03 29.96 29.93 29.92 29.85 29.85 29.76 29.65 29.38 30.40 -9999.0 29.75 29.65 29.56 29.44 29.61 -9999.0 29.28 29.45 29.28 29.42 29.33 -9999.0 30.98 30.97 30.37 39.34 -9999.0 41.42 41.40 41.30 -9999.0 -9999.0 -9999.0 -9999.0 -9999.0 -9999.0 -9999.0 -9999.0 -9999.0 29.84 29.84 -9999.0 29.85 -9999.0 -9999.0 -9999.0 -9999.0 -9999.0
48.59 49.12 49.18 48.09 47.46 47.08 46.59 45.57 44.84 44.66 -9999.0 43.51 -9999.0 41.69 29.21 29.23 29.22 29.28 29.36 29.67 29.86 29.87 29.95 29.93 29.94 29.90 29.86 29.80 29.82 29.70 29.82 29.70 29.41 29.55 29.68 28.14 -9999.0 29.58 29.45 -9999.0 -9999.0 29.32 29.31 29.42 29.43 29.44 30.19 31.03 -9999.0 37.67 38.87 41.12 41.42 41.37 42.01 -9999.0 -9999.0 -9999.0 -9999.0 -9999.0 -9999.0 -9999.0 -9999.0 29.85 -9999.0 -9999.0 29.81 29.72 29.76 -9999.0 -9999.0 -9999.0 -9999.0
-9999.0 49.08 -9999.0 48.68 48.18 47.67 46.76 46.53 45.81 45.04 44.35 44.58 43.53 -9999.0 -9999.0 29.15 29.20 29.21 29.30 -9999.0 29.57 29.70 30.05 29.76 29.92 29.87 29.85 29.82 29.85 29.79 29.50 29.36 29.65 29.64 29.66 29.65 29.57 29.50 29.37 29.24 29.32 -9999.0 29.34 29.40 29.41 29.38 29.37 30.06 36.11 36.81 37.44 39.03 40.84 41.70 -9999.0 -9999.0 -9999.0 -9999.0 -9999.0 -9999.0 -9999.0 -9999.0 -9999.0 -9999.0 29.82 -9999.0 29.77 29.73 29.86 -9999.0 -9999.0 -9999.0 -9999.0
46.91 -9999.0 -9999.0 -9999.0 48.84 48.16 47.93 46.87 46.53 45.59 45.27 44.46 43.86 -9999.0 -9999.0 41.82 41.29 29.24 29.26 29.26 29.15 29.55 29.59 29.81 29.80 29.88 29.82 29.89 29.83 29.76 29.80 29.72 29.68 29.57 29.23 29.54 29.21 29.42 29.29 29.27 29.32 29.23 29.31 29.35 30.01 29.96 29.06 29.41 36.10 -9999.0 38.70 38.74 39.08 41.48 -9999.0 -9999.0 -9999.0 -9999.0 -9999.0 -9999.0 -9999.0 -9999.0 -9999.0 -9999.0 29.84 -9999.0 29.83 29.72 29.46 -9999.0 -9999.0 -9999.0 -9999.0
46.15 46.53 -9999.0 -9999.0 48.91 48.80 48.23 47.68 47.24 48.32 45.50 44.92 44.68 43.65 43.46 42.73 41.59 41.66 29.09 29.19 -9999.0 29.26 29.33 29.89 29.88 29.84 29.83 29.77 29.79 29.81 29.68 29.56 29.35 29.55 29.30 29.49 29.39 29.38 29.28 29.24 28.95 29.31 29.31 30.12 29.84 30.09 29.37 29.46 29.67 29.43 29.66 38.48 39.16 39.98 40.84 -9999.0 -9999.0 -9999.0 -9999.0 -9999.0 -9999.0 -9999.0 -9999.0 -9999.0 29.74 -9999.0 29.82 -9999.0 -9999.0 -9999.0 -9999.0 -9999.0 -9999.0
45.30 46.16 46.54 47.93 48.11 49.01 49.24 46.51 48.09 48.45 46.35 45.73 44.94 44.77 43.98 43.69 -9999.0 41.74 41.25 29.18 29.15 29.26 29.33 29.56 29.72 29.87 29.78 29.69 29.72 29.53 29.63 29.37 29.50 29.13 29.34 29.40 29.30 29.24 29.26 29.24 29.15 29.30 29.19 30.76 30.69 29.38 29.42 30.37 30.20 29.63 29.62 29.60 38.69 -9999.0 -9999.0 -9999.0 -9999.0 -9999.0 -9999.0 -9999.0 -9999.0 29.78 29.79 -9999.0 29.70 -9999.0 29.66 -9999.0 -9999.0 -9999.0 -9999.0 -9999.0 -9999.0
44.56 45.11 46.17 46.58 -9999.0 -9999.0 -9999.0 49.68 48.86 48.09 47.14 46.35 45.77 45.15 44.79 43.70 43.83 -9999.0 -9999.0 41.31 29.19 29.21 29.22 29.10 29.27 29.66 29.72 29.74 29.64 29.59 29.64 29.57 29.45 29.42 29.31 29.29 29.18 29.29 29.15 29.25 29.28 29.28 29.26 29.31 -9999.0 -9999.0 30.51 -9999.0 29.66 29.59 29.61 29.64 37.81 -9999.0 29.67 29.69 29.69 29.92 -9999.0 -9999.0 -9999.0 -9999.0 -9999.0 29.83 29.83 29.90 29.88 29.86 33.71 -9999.0 -9999.0 -9999.0 -9999.0
43.66 44.75 45.19 46.13 46.91 48.00 48.01 46.07 49.63 48.65 48.10 47.07 46.31 45.70 45.42 44.75 43.96 -9999.0 42.66 41.83 41.70 29.25 29.17 29.21 29.31 29.54 29.55 29.54 29.52 29.45 29.40 29.52 29.35 29.33 29.28 29.17 29.19 29.26 29.22 29.31 29.44 -9999.0 -9999.0 -9999.0 -9999.0 -9999.0 -9999.0 -9999.0 -9999.0 29.54 29.62 29.67 29.63 37.87 -9999.0 -9999.0 -9999.0 -9999.0 -9999.0 29.74 -9999.0 -9999.0 -9999.0 -9999.0 30.03 -9999.0 29.94 30.08 -9999.0 -9999.0 -9999.0 -9999.0 -9999.0
43.62 43.80 44.61 45.41 45.78 46.54 -9999.0 47.76 48.97 -9999.0 48.51 48.23 47.75 48.14 46.26 -9999.0 45.37 44.23 43.62 -9999.0 41.68 41.69 29.28 29.26 29.27 29.24 29.29 29.52 29.55 29.52 29.48 29.34 29.28 29.28 29.16 29.10 29.08 29.20 -9999.0 29.12 -9999.0 -9999.0 -9999.0 -9999.0 -9999.0 -9999.0 -9999.0 -9999.0 -9999.0 29.63 29.54 29.66 29.64 29.61 29.87 29.73 29.78 29.69 29.78 29.75 -9999.0 -9999.0 -9999.0 29.96 29.76 30.05 29.95 30.01 -9999.0 -9999.0 -9999.0 -9999.0 -9999.0
-9999.0 21.26 43.99 44.39 45.23 45.63 -9999.0 -9999.0 -9999.0 -9999.0 49.20 48.91 48.12 47.95 47.42 47.84 45.52 45.07 43.85 43.67 43.71 43.59 41.58 29.23 29.28 29.30 -9999.0 29.30 29.54 29.49 29.37 29.33 29.25 29.17 28.91 29.15 29.05 29.26 -9999.0 -9999.0 -9999.0 -9999.0 -9999.0 -9999.0 -9999.0 -9999.0 -9999.0 -9999.0 -9999.0 -9999.0 29.74 29.61 29.69 29.69 -9999.0 29.78 -9999.0 29.71 -9999.0 -9999.0 -9999.0 -9999.0 -9999.0 29.68 29.86 30.08 30.17 30.18 30.31 33.95 -9999.0 -9999.0 -9999.0
42.14 42.46 43.86 43.66 44.77 45.16 45.70 46.57 47.59 48.01 48.60 49.70 48.47 47.70 47.64 47.35 46.33 45.68 -9999.0 44.01 43.79 -9999.0 42.52 41.61 29.32 29.16 -9999.0 29.21 29.26 29.28 29.35 29.22 29.18 29.13 29.17 29.12 29.26 29.28 37.81 -9999.0 -9999.0 -9999.0 -9999.0 -9999.0 -9999.0 -9999.0 34.42 -9999.0 -9999.0 -9999.0 29.64 29.65 29.68 29.67 29.74 29.67 -9999.0 -9999.0 29.74 -9999.0 -9999.0 -9999.0 29.72 29.91 29.97 29.87 30.38 30.19 30.05 32.49 34.62 -9999.0 -9999.0
32.17 42.42 -9999.0 43.70 43.44 44.26 45.01 45.91 46.42 47.41 -9999.0 48.83 49.51 48.78 48.11 47.72 -9999.0 46.61 45.93 45.28 44.07 43.61 42.98 42.31 41.62 29.29 29.18 29.33 29.18 29.26 -9999.0 29.11 29.13 -9999.0 29.19 29.19 29.16 29.17 -9999.0 -9999.0 -9999.0 39.10 -9999.0 -9999.0 -9999.0 -9999.0 -9999.0 -9999.0 -9999.0 29.46 29.58 29.67 29.62 29.66 29.69 -9999.0 -9999.0 -9999.0 -9999.0 -9999.0 -9999.0 29.69 29.72 29.90 30.28 30.29 30.30 30.28 30.31 30.40 33.46 33.33 -9999.0
28.91 32.18 41.52 -9999.0 43.49 44.03 44.41 46.35 45.57 46.75 47.58 47.86 -9999.0 -9999.0 45.19 48.20 -9999.0 46.96 46.40 45.78 44.93 44.20 43.96 -9999.0 -9999.0 -9999.0 29.12 29.14 29.23 29.22 29.08 29.06 -9999.0 29.19 29.12 29.07 29.16 29.22 -9999.0 -9999.0 -9999.0 -9999.0 -9999.0 -9999.0 -9999.0 -9999.0 -9999.0 -9999.0 -9999.0 -9999.0 29.62 29.60 29.61 -9999.0 -9999.0 29.69 29.67 -9999.0 -9999.0 29.60 29.70 29.93 29.88 30.23 30.21 30.28 30.36 30.48 30.46 30.51 30.64 33.27 -9999.0
28.89 28.99 21.08 29.17 43.60 42.83 43.43 44.55 44.80 46.00 46.41 -9999.0 44.91 -9999.0 -9999.0 49.10 48.58 48.15 46.73 46.02 45.82 45.72 44.72 43.64 42.10 29.63 29.10 29.22 29.19 29.20 29.06 29.10 29.01 29.16 29.14 29.07 29.16 29.19 37.79 -9999.0 -9999.0 -9999.0 -9999.0 40.10 -9999.0 -9999.0 -9999.0 -9999.0 -9999.0 -9999.0 -9999.0 29.64 29.60 -9999.0 29.67 -9999.0 29.64 29.76 -9999.0 29.75 29.68 29.97 30.03 30.15 30.33 30.29 -9999.0 30.45 30.50 30.71 30.68 -9999.0 -9999.0
28.95 29.31 28.91 28.75 -9999.0 42.36 43.06 44.04 44.48 45.25 45.56 46.41 -9999.0 47.89 -9999.0 -9999.0 48.97 48.61 47.98 -9999.0 -9999.0 -9999.0 -9999.0 -9999.0 30.16 30.68 29.26 29.28 29.09 29.09 -9999.0 29.15 29.12 29.11 29.10 29.06 29.13 -9999.0 34.45 -9999.0 -9999.0 39.27 -9999.0 -9999.0 39.44 -9999.0 -9999.0 -9999.0 -9999.0 -9999.0 29.99 29.48 29.63 -9999.0 29.64 -9999.0 -9999.0 -9999.0 29.69 29.67 29.94 -9999.0 30.16 -9999.0 30.24 -9999.0 30.42 30.41 30.53 30.55 30.40 30.72 -9999.0
28.66 29.13 28.99 -9999.0 41.11 41.29 -9999.0 43.68 43.66 44.02 44.63 45.48 46.28 -9999.0 -9999.0 48.73 -9999.0 -9999.0 -9999.0 -9999.0 -9999.0 -9999.0 42.77 30.99 31.33 -9999.0 -9999.0 29.14 29.01 -9999.0 29.15 29.18 29.17 29.10 29.13 29.07 29.07 29.49 -9999.0 -9999.0 -9999.0 -9999.0 -9999.0 -9999.0 -9999.0 -9999.0 -9999.0 -9999.0 -9999.0 -9999.0 29.91 -9999.0 29.61 29.61 29.70 -9999.0 29.79 29.73 29.80 29.92 29.94 -9999.0 30.22 30.25 30.25 30.39 30.51 30.48 30.61 30.62 30.70 -9999.0 -9999.0
28.65 28.98 28.94 -9999.0 40.80 32.23 -9999.0 -9999.0 43.64 43.91 44.31 44.85 45.43 46.50 -9999.0 -9999.0 -9999.0 -9999.0 -9999.0 -9999.0 43.87 -9999.0 30.09 31.01 29.19 29.10 -9999.0 29.04 29.05 -9999.0 -9999.0 -9999.0 34.45 34.70 -9999.0 29.17 30.53 30.15 -9999.0 -9999.0 -9999.0 -9999.0 -9999.0 40.51 -9999.0 -9999.0 -9999.0 -9999.0 -9999.0 -9999.0 -9999.0 29.51 29.51 29.60 29.59 29.76 29.62 29.70 -9999.0 29.88 29.96 30.24 -9999.0 30.34 -9999.0 30.41 30.51 30.56 30.54 30.62 -9999.0 -9999.0 -9999.0
-9999.0 28.74 28.68 28.94 29.19 32.17 41.21 38.39 -9999.0 42.65 43.70 44.24 45.08 45.45 46.03 -9999.0 -9999.0 -9999.0 -9999.0 43.89 42.63 30.26 29.06 28.97 29.03 28.99 29.12 29.04 29.19 29.07 -9999.0 -9999.0 -9999.0 -9999.0 -9999.0 -9999.0 30.40 29.92 29.41 -9999.0 -9999.0 39.53 39.58 -9999.0 -9999.0 -9999.0 -9999.0 32.37 -9999.0 29.58 29.54 29.57 29.51 29.47 29.62 29.77 29.68 29.62 29.84 30.01 30.16 30.28 30.32 30.31 30.49 30.38 30.51 30.66 30.61 30.62 -9999.0 -9999.0 -9999.0
28.88 -9999.0 28.69 28.75 28.75 -9999.0 -9999.0 28.80 28.86 42.49 43.81 43.73 43.77 44.74 45.77 46.12 -9999.0 -9999.0 43.85 42.94 -9999.0 29.09 29.14 29.18 28.96 29.05 -9999.0 28.81 29.05 29.00 -9999.0 -9999.0 -9999.0 -9999.0 37.15 -9999.0 -9999.0 29.13 29.23 29.04 -9999.0 -9999.0 -9999.0 -9999.0 -9999.0 -9999.0 -9999.0 29.49 -9999.0 29.53 29.38 29.47 29.57 29.62 29.62 29.64 29.76 29.86 30.14 29.99 30.28 30.32 30.35 30.39 30.52 30.52 30.48 30.53 30.58 -9999.0 -9999.0 -9999.0 -9999.0
-9999.0 -9999.0 -9999.0 28.81 28.69 28.67 -9999.0 -9999.0 -9999.0 -9999.0 43.75 43.81 43.64 44.55 44.57 45.36 -9999.0 -9999.0 -9999.0 42.66 29.41 29.02 28.96 28.79 -9999.0 -9999.0 28.79 28.23 29.09 -9999.0 40.18 42.42 -9999.0 -9999.0 -9999.0 -9999.0 -9999.0 -9999.0 -9999.0 29.04 -9999.0 -9999.0 -9999.0 -9999.0 29.49 -9999.0 29.55 29.51 29.53 29.49 29.53 29.56 29.56 29.56 29.64 29.73 29.94 29.88 30.16 30.18 30.24 30.25 30.34 -9999.0 30.75 30.57 30.51 30.50 -9999.0 -9999.0 -9999.0 -9999.0 -9999.0
28.59 28.62 28.72 -9999.0 28.68 28.68 -9999.0 -9999.0 -9999.0 41.32 32.25 43.48 -9999.0 43.96 43.77 44.75 44.48 43.10 -9999.0 28.93 29.02 29.24 28.97 28.93 28.89 28.93 29.01 29.06 28.96 30.09 42.53 42.38 42.42 -9999.0 -9999.0 -9999.0 -9999.0 -9999.0 -9999.0 -9999.0 -9999.0 -9999.0 -9999.0 -9999.0 29.60 29.52 29.53 29.48 -9999.0 29.53 29.57 29.49 29.49 29.51 29.69 29.76 29.86 30.17 30.11 30.26 -9999.0 30.37 30.30 30.38 -9999.0 30.68 30.65 30.54 -9999.0 -9999.0 -9999.0 -9999.0 -9999.0
28.62 28.61 28.58 28.63 28.66 -9999.0 28.64 -9999.0 -9999.0 -9999.0 -9999.0 39.34 41.99 42.79 43.11 44.19 43.18 29.19 42.34 28.96 -9999.0 28.98 28.80 28.85 28.96 28.97 28.97 29.03 29.88 -9999.0 42.62 43.07 -9999.0 43.25 -9999.0 -9999.0 -9999.0 -9999.0 -9999.0 -9999.0 -9999.0 -9999.0 33.42 29.69 29.46 29.44 29.48 29.52 -9999.0 29.52 -9999.0 29.46 29.56 29.58 29.75 30.07 29.88 29.85 29.94 30.23 30.22 30.37 30.42 30.42 30.60 30.70 30.46 -9999.0 -9999.0 -9999.0 -9999.0 -9999.0 -9999.0
28.54 28.61 28.70 28.66 28.68 28.69 28.73 28.71 28.95 28.91 -9999.0 28.92 29.00 41.82 42.94 43.50 -9999.0 28.73 29.03 28.95 28.96 28.82 -9999.0 28.90 28.97 28.94 28.82 29.09 29.63 41.97 42.68 -9999.0 -9999.0 -9999.0 -9999.0 -9999.0 -9999.0 42.26 -9999.0 -9999.0 -9999.0 -9999.0 -9999.0 -9999.0 29.49 29.48 29.46 29.47 29.50 29.49 29.53 29.54 29.68 29.77 29.76 29.87 29.83 29.89 29.91 30.16 30.25 30.28 30.31 30.45 30.59 31.04 -9999.0 -9999.0 -9999.0 -9999.0 -9999.0 -9999.0 -9999.0
28.60 28.61 28.67 28.66 -9999.0 28.70 28.73 -9999.0 28.73 28.69 28.95 41.10 41.11 28.98 41.60 42.36 28.87 28.87 28.96 28.92 28.56 28.84 28.91 28.88 28.81 28.96 29.01 28.95 29.13 42.10 -9999.0 -9999.0 -9999.0 -9999.0 -9999.0 -9999.0 -9999.0 -9999.0 -9999.0 -9999.0 -9999.0 -9999.0 29.34 29.34 29.34 29.44 29.48 29.51 29.51 29.55 29.53 29.60 29.71 29.69 29.85 29.83 29.83 29.86 29.95 30.23 30.23 30.30 30.46 30.37 -9999.0 -9999.0 -9999.0 -9999.0 -9999.0 -9999.0 -9999.0 -9999.0 -9999.0
28.59 28.60 28.61 28.66 28.65 -9999.0 28.73 28.71 28.76 28.69 28.95 -9999.0 28.91 28.97 28.89 28.85 28.91 29.00 28.84 28.88 28.68 28.90 28.90 -9999.0 28.93 28.96 29.81 28.99 28.65 -9999.0 42.06 -9999.0 -9999.0 -9999.0 -9999.0 -9999.0 -9999.0 -9999.0 -9999.0 -9999.0 -9999.0 -9999.0 -9999.0 -9999.0 29.45 29.39 29.45 29.47 29.50 29.48 29.56 29.59 29.70 29.74 29.79 29.85 29.84 29.92 30.20 30.06 30.17 30.17 30.21 30.39 -9999.0 -9999.0 -9999.0 -9999.0 -9999.0 -9999.0 -9999.0 -9999.0 -9999.0
28.62 28.58 28.59 28.64 28.69 -9999.0 -9999.0 -9999.0 -9999.0 28.72 28.69 28.74 28.91 28.94 28.91 29.02 28.97 28.95 28.82 28.73 28.74 28.87 28.88 28.93 29.59 29.77 29.01 37.05 -9999.0 30.61 41.47 -9999.0 -9999.0 -9999.0 -9999.0 -9999.0 -9999.0 -9999.0 -9999.0 -9999.0 -9999.0 -9999.0 -9999.0 -9999.0 29.37 29.40 29.39 29.48 29.42 29.65 29.61 29.64 29.77 29.79 29.81 29.81 29.86 30.16 30.25 30.14 30.18 30.19 30.02 30.22 30.25 30.26 30.40 -9999.0 -9999.0 -9999.0 -9999.0 -9999.0 -9999.0
28.62 28.60 28.66 28.57 28.65 28.61 28.72 28.57 28.70 28.66 -9999.0 28.72 28.68 28.86 28.94 28.86 28.87 28.78 28.85 28.81 28.85 28.61 28.82 28.87 30.23 30.27 28.94 29.65 30.00 35.72 36.49 -9999.0 -9999.0 -9999.0 -9999.0 -9999.0 -9999.0 -9999.0 -9999.0 -9999.0 -9999.0 -9999.0 -9999.0 29.44 29.36 29.43 29.46 29.47 29.59 29.73 29.77 29.66 29.75 29.82 29.98 29.88 29.88 30.27 -9999.0 30.17 30.28 30.22 30.32 30.25 -9999.0 30.29 30.39 30.27 -9999.0 -9999.0 -9999.0 -9999.0 -9999.0
