lab_12 WebODM/Sebastiana-Klonowica-23052022-georeferenced_model.asc
ncols 146
nrows 178
xllcorner 200663.000000
yllcorner 629792.000000
cellsize 1.000000
NODATA_value -9999.0
[rows 96 to 127 of 178, columns 0 to 72 of 146]
-9999.0 -9999.0 -9999.0 -9999.0 -9999.0 -9999.0 -9999.0 -9999.0 -9999.0 -9999.0 39.73 39.11 39.25 39.06 37.10 27.93 27.93 27.84 27.84 27.88 27.63 27.72 27.78 27.82 27.84 27.78 28.01 28.83 28.65 29.13 29.01 28.69 29.23 29.07 28.99 -9999.0 29.61 28.53 28.70 29.13 29.44 29.85 28.37 28.34 28.37 28.32 28.30 28.32 28.32 28.42 28.42 28.42 28.20 -9999.0 28.80 28.89 32.88 43.08 42.43 43.30 43.76 44.57 45.16 45.94 46.82 47.83 49.83 -9999.0 -9999.0 -9999.0 -9999.0 -9999.0 46.93
-9999.0 -9999.0 -9999.0 -9999.0 -9999.0 -9999.0 -9999.0 -9999.0 40.37 39.45 39.04 38.35 39.11 -9999.0 -9999.0 -9999.0 27.86 27.80 27.77 27.71 27.74 27.74 27.77 27.66 27.97 27.87 29.13 28.61 28.73 28.31 28.15 28.88 30.64 28.21 28.09 28.30 28.35 28.27 28.33 29.46 29.45 29.69 28.41 29.77 28.38 28.25 28.38 28.41 -9999.0 -9999.0 28.42 28.43 28.42 -9999.0 -9999.0 28.89 28.84 32.24 41.83 42.78 43.59 43.94 44.30 45.14 45.94 46.58 47.20 -9999.0 -9999.0 -9999.0 48.95 48.47 -9999.0
-9999.0 -9999.0 -9999.0 -9999.0 -9999.0 -9999.0 -9999.0 -9999.0 39.42 39.09 37.98 -9999.0 -9999.0 -9999.0 27.92 27.80 27.80 27.74 27.70 27.66 27.65 27.77 27.89 28.69 28.68 28.73 29.15 29.16 28.06 28.03 28.14 28.20 28.31 30.67 30.81 -9999.0 -9999.0 28.37 29.68 29.52 29.23 28.45 28.33 29.72 28.40 26.87 28.41 28.40 28.75 28.89 28.45 28.41 28.24 28.42 28.49 -9999.0 32.00 31.02 41.69 26.30 -9999.0 43.55 43.65 44.44 45.16 45.74 47.37 -9999.0 -9999.0 -9999.0 49.12 49.43 48.08
-9999.0 -9999.0 -9999.0 -9999.0 -9999.0 -9999.0 -9999.0 -9999.0 39.07 38.14 37.69 37.12 -9999.0 27.92 -9999.0 27.76 -9999.0 27.63 27.60 27.53 27.56 27.71 28.61 28.80 28.80 29.10 31.80 31.18 28.12 28.10 28.00 28.13 31.41 31.67 31.73 30.44 28.34 28.98 29.17 29.10 28.50 28.35 28.45 28.42 28.43 28.47 28.42 28.47 29.51 29.28 28.43 28.43 28.39 28.48 28.51 -9999.0 -9999.0 -9999.0 41.11 41.12 -9999.0 -9999.0 42.93 43.60 44.09 45.14 45.54 48.26 -9999.0 48.49 49.04 -9999.0 48.72
-9999.0 -9999.0 -9999.0 -9999.0 -9999.0 -9999.0 -9999.0 -9999.0 39.14 39.10 -9999.0 27.79 -9999.0 -9999.0 28.02 28.32 27.66 27.62 27.59 27.61 27.65 27.59 27.85 29.03 28.99 29.41 30.56 -9999.0 30.43 31.82 28.13 28.17 32.11 32.32 31.68 30.89 28.31 29.72 29.57 29.30 29.89 28.34 28.44 28.47 28.25 28.46 28.50 28.38 28.44 29.59 29.59 28.44 28.45 28.47 28.53 28.53 28.55 -9999.0 -9999.0 41.06 41.17 41.81 42.07 43.18 43.66 44.37 33.07 45.76 46.34 47.31 -9999.0 -9999.0 49.46
-9999.0 -9999.0 -9999.0 -9999.0 -9999.0 -9999.0 -9999.0 -9999.0 -9999.0 37.02 36.82 28.01 27.84 27.63 27.87 27.63 27.53 27.26 27.61 27.51 27.61 27.70 27.88 -9999.0 -9999.0 31.58 30.81 -9999.0 -9999.0 30.32 28.10 28.18 -9999.0 -9999.0 -9999.0 29.86 28.99 28.65 28.34 -9999.0 30.41 28.53 28.39 28.44 28.50 28.38 28.48 28.52 28.51 28.45 28.52 28.60 28.45 28.52 28.53 28.55 28.52 28.55 28.76 -9999.0 40.94 40.98 41.78 42.64 -9999.0 43.57 44.98 44.97 45.56 46.22 48.01 47.90 48.33
-9999.0 -9999.0 -9999.0 -9999.0 -9999.0 -9999.0 -9999.0 -9999.0 -9999.0 27.82 27.72 27.76 27.68 27.49 27.54 27.47 27.53 27.67 -9999.0 27.70 28.61 28.76 27.67 27.70 29.99 -9999.0 -9999.0 32.19 -9999.0 31.41 28.92 28.09 28.14 28.16 28.22 28.78 29.43 29.25 28.15 28.22 31.81 31.65 31.44 28.30 28.46 28.44 28.45 28.47 28.49 28.53 28.50 28.50 28.50 28.45 28.54 28.53 28.57 28.52 28.67 28.77 -9999.0 36.03 41.03 41.82 -9999.0 -9999.0 43.56 44.40 44.75 45.73 38.95 47.50 -9999.0
-9999.0 -9999.0 -9999.0 -9999.0 -9999.0 -9999.0 -9999.0 -9999.0 -9999.0 27.60 27.79 27.59 27.64 27.37 27.40 27.52 27.61 27.57 29.19 -9999.0 28.75 28.84 27.75 27.64 27.55 -9999.0 -9999.0 -9999.0 30.13 29.52 29.52 29.41 27.98 28.18 29.35 29.28 29.46 -9999.0 28.97 28.41 31.07 30.97 31.50 28.45 28.46 28.43 28.47 28.49 28.53 28.56 28.48 28.53 28.48 28.51 28.53 28.55 28.48 28.52 28.52 28.65 -9999.0 -9999.0 -9999.0 41.12 -9999.0 -9999.0 43.04 43.54 43.89 44.95 45.77 46.19 47.16
-9999.0 -9999.0 -9999.0 -9999.0 -9999.0 -9999.0 -9999.0 27.78 27.66 27.66 27.57 27.47 27.29 27.52 27.39 27.50 27.65 27.83 28.42 28.80 28.64 27.86 27.92 27.39 27.67 27.89 27.83 -9999.0 -9999.0 31.14 29.47 28.68 28.17 28.83 29.38 29.45 28.99 29.37 -9999.0 30.23 30.86 31.12 31.22 28.34 28.44 28.44 28.50 28.53 28.53 28.43 28.58 28.50 28.49 28.55 28.53 28.32 28.56 28.58 28.59 28.55 28.53 28.65 -9999.0 41.08 41.05 41.81 41.96 28.99 43.49 44.08 44.74 45.39 -9999.0
-9999.0 -9999.0 -9999.0 -9999.0 -9999.0 -9999.0 -9999.0 27.65 27.64 27.46 27.52 26.82 27.42 27.39 27.43 27.54 27.56 27.65 28.46 28.73 27.70 -9999.0 -9999.0 -9999.0 27.72 -9999.0 27.78 36.40 -9999.0 -9999.0 29.05 28.82 -9999.0 29.28 29.34 30.06 30.55 29.77 28.32 -9999.0 30.33 28.75 28.45 28.38 28.43 28.50 28.34 28.50 28.55 28.49 28.60 28.59 28.59 28.56 28.48 28.55 28.55 28.58 28.52 28.56 28.60 28.59 28.85 -9999.0 20.25 41.03 -9999.0 43.24 43.65 43.55 44.35 44.56 45.32
-9999.0 -9999.0 -9999.0 -9999.0 -9999.0 -9999.0 -9999.0 28.20 27.58 27.06 27.38 27.32 27.34 -9999.0 27.48 -9999.0 27.56 28.46 28.78 -9999.0 27.75 27.78 -9999.0 -9999.0 -9999.0 -9999.0 -9999.0 -9999.0 -9999.0 -9999.0 28.03 28.15 29.25 29.24 -9999.0 30.87 30.09 30.66 29.03 28.34 28.33 30.45 28.37 28.42 28.44 28.44 28.42 28.47 28.53 28.58 28.63 28.55 28.64 28.60 28.36 28.53 28.55 28.48 28.55 28.57 28.60 28.60 -9999.0 28.85 -9999.0 -9999.0 30.39 41.39 -9999.0 -9999.0 43.33 44.16 44.56
-9999.0 -9999.0 -9999.0 -9999.0 -9999.0 -9999.0 -9999.0 27.42 27.44 27.63 27.38 27.30 27.18 27.44 -9999.0 27.38 27.69 -9999.0 -9999.0 27.75 27.77 27.71 27.84 -9999.0 -9999.0 -9999.0 -9999.0 -9999.0 27.94 28.05 -9999.0 29.04 29.08 -9999.0 29.91 31.10 30.93 30.94 30.92 31.25 31.25 -9999.0 29.25 28.41 28.39 28.44 28.40 28.41 28.55 28.50 28.55 28.60 28.54 28.57 28.25 28.51 28.52 28.49 28.57 28.57 28.42 28.59 28.33 -9999.0 28.69 -9999.0 -9999.0 40.97 -9999.0 42.29 42.74 43.34 43.74
-9999.0 -9999.0 -9999.0 -9999.0 -9999.0 -9999.0 -9999.0 -9999.0 -9999.0 -9999.0 27.32 27.40 27.48 -9999.0 -9999.0 -9999.0 -9999.0 -9999.0 -9999.0 27.75 27.84 -9999.0 -9999.0 -9999.0 -9999.0 -9999.0 -9999.0 -9999.0 -9999.0 -9999.0 -9999.0 31.38 -9999.0 -9999.0 -9999.0 30.90 31.18 31.39 31.11 31.38 31.07 31.21 31.15 29.58 28.30 28.41 28.44 28.45 28.53 28.52 28.60 28.57 28.57 28.54 28.73 28.64 28.64 28.58 28.48 28.49 28.56 28.59 25.82 28.45 28.54 28.68 -9999.0 -9999.0 -9999.0 41.29 42.15 -9999.0 43.60
-9999.0 -9999.0 -9999.0 -9999.0 -9999.0 -9999.0 -9999.0 -9999.0 -9999.0 -9999.0 -9999.0 -9999.0 -9999.0 -9999.0 -9999.0 -9999.0 -9999.0 -9999.0 -9999.0 -9999.0 -9999.0 -9999.0 -9999.0 -9999.0 -9999.0 -9999.0 -9999.0 38.46 -9999.0 -9999.0 -9999.0 -9999.0 32.32 -9999.0 -9999.0 32.40 31.98 32.08 31.58 31.27 31.35 31.66 31.02 -9999.0 30.54 28.41 28.47 28.42 28.52 28.53 28.56 28.62 28.60 28.57 28.60 28.59 28.58 28.55 28.54 28.55 28.49 28.52 28.56 28.59 28.58 28.57 28.69 -9999.0 -9999.0 28.72 30.00 38.28 43.72
-9999.0 -9999.0 -9999.0 -9999.0 -9999.0 -9999.0 -9999.0 -9999.0 -9999.0 -9999.0 -9999.0 -9999.0 -9999.0 -9999.0 -9999.0 -9999.0 -9999.0 -9999.0 -9999.0 -9999.0 -9999.0 -9999.0 -9999.0 -9999.0 -9999.0 -9999.0 -9999.0 -9999.0 -9999.0 -9999.0 -9999.0 31.79 -9999.0 -9999.0 -9999.0 32.34 32.42 31.96 32.06 -9999.0 -9999.0 31.52 31.99 -9999.0 30.22 31.50 28.50 28.47 28.51 28.49 28.56 28.55 28.55 28.57 28.58 28.58 28.57 28.63 28.60 28.53 28.51 28.52 28.52 28.54 28.52 28.50 28.50 28.67 -9999.0 28.76 30.00 28.86 41.95
-9999.0 -9999.0 -9999.0 -9999.0 -9999.0 -9999.0 -9999.0 -9999.0 -9999.0 -9999.0 -9999.0 -9999.0 -9999.0 -9999.0 -9999.0 -9999.0 -9999.0 -9999.0 -9999.0 -9999.0 -9999.0 -9999.0 -9999.0 -9999.0 -9999.0 -9999.0 -9999.0 -9999.0 -9999.0 -9999.0 -9999.0 -9999.0 -9999.0 -9999.0 -9999.0 32.14 32.75 32.10 31.97 31.49 -9999.0 -9999.0 31.13 30.84 30.12 30.34 -9999.0 28.76 28.42 28.47 28.41 28.53 28.49 28.57 28.55 28.53 28.59 28.58 28.56 28.58 28.52 28.49 28.45 28.53 28.61 28.46 -9999.0 28.47 28.62 29.01 -9999.0 28.80 41.19
-9999.0 -9999.0 -9999.0 -9999.0 -9999.0 -9999.0 -9999.0 -9999.0 -9999.0 -9999.0 -9999.0 -9999.0 -9999.0 -9999.0 -9999.0 -9999.0 -9999.0 -9999.0 -9999.0 -9999.0 -9999.0 -9999.0 -9999.0 -9999.0 -9999.0 -9999.0 -9999.0 -9999.0 -9999.0 -9999.0 -9999.0 -9999.0 34.01 -9999.0 36.93 36.74 32.95 32.78 32.93 33.01 32.03 31.92 31.49 30.52 29.49 -9999.0 28.93 31.72 29.72 28.49 28.31 28.41 28.50 28.27 28.34 28.58 28.60 28.60 28.62 28.54 28.58 28.56 28.39 28.62 28.56 25.32 28.55 28.56 28.39 28.75 -9999.0 28.30 28.92
-9999.0 -9999.0 -9999.0 -9999.0 -9999.0 -9999.0 -9999.0 -9999.0 -9999.0 -9999.0 -9999.0 -9999.0 -9999.0 -9999.0 -9999.0 -9999.0 -9999.0 -9999.0 -9999.0 -9999.0 -9999.0 -9999.0 -9999.0 -9999.0 -9999.0 -9999.0 -9999.0 -9999.0 -9999.0 -9999.0 -9999.0 -9999.0 -9999.0 -9999.0 37.14 36.68 36.55 35.96 -9999.0 -9999.0 31.93 31.81 31.24 30.33 30.55 28.65 28.87 28.43 30.15 28.49 27.84 28.48 28.43 28.43 28.43 28.54 28.59 28.62 28.62 28.60 28.57 28.57 28.58 28.58 29.50 28.98 28.57 28.58 28.60 28.58 -9999.0 29.12 28.95
-9999.0 -9999.0 -9999.0 -9999.0 -9999.0 -9999.0 -9999.0 -9999.0 -9999.0 -9999.0 -9999.0 -9999.0 -9999.0 -9999.0 -9999.0 -9999.0 -9999.0 -9999.0 -9999.0 -9999.0 -9999.0 -9999.0 -9999.0 -9999.0 -9999.0 -9999.0 -9999.0 38.50 -9999.0 38.01 -9999.0 -9999.0 -9999.0 -9999.0 37.21 -9999.0 -9999.0 38.35 37.04 -9999.0 -9999.0 31.49 31.04 31.00 29.75 28.78 28.59 28.79 -9999.0 32.22 28.57 28.59 28.44 28.45 28.33 28.50 28.57 28.57 28.54 28.45 28.58 28.53 28.52 28.48 27.82 28.59 28.52 28.47 28.42 28.62 28.47 28.64 29.02
-9999.0 -9999.0 -9999.0 -9999.0 -9999.0 -9999.0 -9999.0 -9999.0 -9999.0 -9999.0 -9999.0 -9999.0 -9999.0 -9999.0 -9999.0 -9999.0 -9999.0 -9999.0 -9999.0 -9999.0 -9999.0 -9999.0 -9999.0 -9999.0 -9999.0 -9999.0 -9999.0 -9999.0 -9999.0 -9999.0 -9999.0 -9999.0 -9999.0 -9999.0 37.87 38.54 38.98 39.32 37.53 37.55 -9999.0 -9999.0 32.63 31.68 29.27 30.20 28.79 29.26 -9999.0 29.62 -9999.0 28.84 28.29 -9999.0 -9999.0 28.53 28.47 28.46 28.52 28.48 28.62 28.64 28.56 28.51 28.53 28.49 28.55 -9999.0 28.54 28.55 28.63 28.62 28.65
-9999.0 -9999.0 -9999.0 -9999.0 -9999.0 -9999.0 -9999.0 -9999.0 -9999.0 -9999.0 -9999.0 -9999.0 -9999.0 -9999.0 -9999.0 -9999.0 -9999.0 -9999.0 -9999.0 -9999.0 -9999.0 -9999.0 -9999.0 -9999.0 -9999.0 -9999.0 -9999.0 -9999.0 -9999.0 -9999.0 -9999.0 -9999.0 42.83 42.32 -9999.0 38.37 -9999.0 39.44 -9999.0 38.89 -9999.0 39.31 -9999.0 32.59 30.00 28.99 23.87 28.93 29.67 29.97 30.12 32.06 31.59 30.36 28.52 28.57 28.54 28.44 28.51 28.55 28.65 28.64 28.58 28.49 28.56 28.57 28.60 29.36 29.38 28.64 28.66 28.67 28.66
-9999.0 -9999.0 -9999.0 -9999.0 -9999.0 -9999.0 -9999.0 -9999.0 -9999.0 -9999.0 -9999.0 -9999.0 -9999.0 -9999.0 -9999.0 -9999.0 -9999.0 -9999.0 -9999.0 -9999.0 -9999.0 -9999.0 -9999.0 -9999.0 -9999.0 -9999.0 -9999.0 -9999.0 -9999.0 -9999.0 -9999.0 -9999.0 -9999.0 42.20 -9999.0 -9999.0 -9999.0 40.20 -9999.0 -9999.0 39.30 -9999.0 39.71 38.69 -9999.0 29.21 29.20 29.53 -9999.0 30.04 30.57 -9999.0 -9999.0 -9999.0 28.78 28.46 28.40 28.43 28.33 28.46 28.40 28.56 28.65 28.55 28.61 28.61 28.60 28.54 29.47 28.80 28.64 28.66 28.68
-9999.0 -9999.0 -9999.0 -9999.0 -9999.0 -9999.0 -9999.0 -9999.0 -9999.0 -9999.0 -9999.0 -9999.0 -9999.0 -9999.0 -9999.0 -9999.0 -9999.0 -9999.0 -9999.0 -9999.0 -9999.0 -9999.0 -9999.0 -9999.0 -9999.0 -9999.0 -9999.0 -9999.0 -9999.0 -9999.0 -9999.0 -9999.0 -9999.0 -9999.0 -9999.0 -9999.0 -9999.0 39.02 -9999.0 -9999.0 -9999.0 -9999.0 -9999.0 -9999.0 28.72 28.91 29.12 29.75 -9999.0 30.49 30.96 -9999.0 -9999.0 38.76 38.72 38.99 -9999.0 -9999.0 28.48 28.35 28.49 28.56 28.59 28.53 28.61 28.63 28.64 28.60 28.62 28.67 -9999.0 28.62 28.67
-9999.0 -9999.0 -9999.0 -9999.0 -9999.0 -9999.0 -9999.0 -9999.0 -9999.0 -9999.0 -9999.0 -9999.0 -9999.0 -9999.0 -9999.0 -9999.0 -9999.0 -9999.0 -9999.0 -9999.0 -9999.0 -9999.0 -9999.0 -9999.0 -9999.0 -9999.0 -9999.0 -9999.0 -9999.0 -9999.0 -9999.0 -9999.0 -9999.0 -9999.0 -9999.0 -9999.0 -9999.0 -9999.0 -9999.0 -9999.0 40.39 -9999.0 -9999.0 -9999.0 -9999.0 33.25 29.16 29.32 30.63 30.61 30.98 -9999.0 -9999.0 -9999.0 39.46 -9999.0 -9999.0 -9999.0 28.47 28.42 28.29 28.58 28.58 28.55 28.58 28.63 28.65 28.65 28.61 28.67 28.56 28.56 28.67
-9999.0 -9999.0 -9999.0 -9999.0 -9999.0 -9999.0 -9999.0 -9999.0 -9999.0 -9999.0 -9999.0 -9999.0 -9999.0 -9999.0 -9999.0 -9999.0 -9999.0 -9999.0 -9999.0 -9999.0 -9999.0 -9999.0 -9999.0 -9999.0 -9999.0 -9999.0 -9999.0 -9999.0 -9999.0 -9999.0 -9999.0 -9999.0 -9999.0 -9999.0 -9999.0 39.30 -9999.0 39.65 -9999.0 40.54 -9999.0 -9999.0 -9999.0 -9999.0 -9999.0 28.91 32.13 29.46 29.93 30.49 -9999.0 -9999.0 -9999.0 -9999.0 -9999.0 41.07 -9999.0 -9999.0 -9999.0 28.49 28.54 28.59 28.52 28.58 28.56 28.66 28.63 28.70 28.60 28.65 28.65 28.61 28.64
-9999.0 -9999.0 -9999.0 -9999.0 -9999.0 -9999.0 -9999.0 -9999.0 -9999.0 -9999.0 -9999.0 -9999.0 -9999.0 -9999.0 -9999.0 -9999.0 -9999.0 -9999.0 -9999.0 -9999.0 -9999.0 -9999.0 -9999.0 -9999.0 -9999.0 -9999.0 -9999.0 -9999.0 -9999.0 -9999.0 -9999.0 -9999.0 -9999.0 -9999.0 -9999.0 -9999.0 -9999.0 -9999.0 -9999.0 -9999.0 39.72 -9999.0 39.53 -9999.0 28.74 29.04 29.32 28.88 29.20 -9999.0 -9999.0 -9999.0 -9999.0 -9999.0 -9999.0 -9999.0 -9999.0 -9999.0 38.42 -9999.0 38.49 28.44 28.58 28.61 28.58 28.63 28.54 28.70 28.66 28.62 28.62 28.61 28.62
-9999.0 -9999.0 -9999.0 -9999.0 -9999.0 -9999.0 -9999.0 -9999.0 -9999.0 -9999.0 -9999.0 -9999.0 -9999.0 -9999.0 -9999.0 -9999.0 -9999.0 -9999.0 -9999.0 -9999.0 -9999.0 -9999.0 -9999.0 -9999.0 -9999.0 -9999.0 -9999.0 -9999.0 -9999.0 -9999.0 -9999.0 -9999.0 -9999.0 -9999.0 -9999.0 -9999.0 -9999.0 -9999.0 -9999.0 -9999.0 40.67 -9999.0 39.34 -9999.0 -9999.0 28.89 29.15 29.18 29.10 -9999.0 -9999.0 -9999.0 -9999.0 -9999.0 -9999.0 -9999.0 40.82 40.92 -9999.0 -9999.0 -9999.0 28.61 28.56 28.54 28.60 28.62 28.64 28.66 28.66 28.65 28.68 28.62 28.50
-9999.0 -9999.0 -9999.0 -9999.0 -9999.0 -9999.0 -9999.0 -9999.0 -9999.0 -9999.0 -9999.0 -9999.0 -9999.0 -9999.0 -9999.0 -9999.0 -9999.0 -9999.0 -9999.0 -9999.0 -9999.0 -9999.0 -9999.0 -9999.0 -9999.0 -9999.0 -9999.0 -9999.0 -9999.0 -9999.0 -9999.0 -9999.0 -9999.0 -9999.0 -9999.0 -9999.0 -9999.0 -9999.0 40.95 -9999.0 41.98 -9999.0 -9999.0 -9999.0 -9999.0 33.34 32.22 -9999.0 -9999.0 -9999.0 37.97 -9999.0 40.09 -9999.0 41.44 -9999.0 -9999.0 -9999.0 -9999.0 -9999.0 -9999.0 28.65 28.67 28.59 28.58 28.61 28.65 28.56 28.64 28.65 28.65 28.64 28.61
-9999.0 -9999.0 -9999.0 -9999.0 -9999.0 -9999.0 -9999.0 -9999.0 -9999.0 -9999.0 -9999.0 -9999.0 -9999.0 -9999.0 -9999.0 -9999.0 -9999.0 -9999.0 -9999.0 -9999.0 -9999.0 -9999.0 -9999.0 -9999.0 -9999.0 -9999.0 -9999.0 -9999.0 -9999.0 -9999.0 -9999.0 -9999.0 -9999.0 -9999.0 -9999.0 -9999.0 -9999.0 -9999.0 41.27 -9999.0 -9999.0 40.91 -9999.0 -9999.0 38.65 33.02 32.54 31.99 -9999.0 -9999.0 -9999.0 -9999.0 -9999.0 -9999.0 -9999.0 -9999.0 -9999.0 -9999.0 -9999.0 -9999.0 -9999.0 28.89 28.60 28.58 28.59 28.57 28.57 28.60 28.62 28.61 28.57 28.59 28.55
-9999.0 -9999.0 -9999.0 -9999.0 -9999.0 -9999.0 -9999.0 -9999.0 -9999.0 -9999.0 -9999.0 -9999.0 -9999.0 -9999.0 -9999.0 -9999.0 -9999.0 -9999.0 -9999.0 -9999.0 -9999.0 -9999.0 -9999.0 -9999.0 -9999.0 -9999.0 -9999.0 -9999.0 -9999.0 -9999.0 -9999.0 -9999.0 -9999.0 -9999.0 -9999.0 -9999.0 -9999.0 40.58 41.04 41.49 -9999.0 -9999.0 -9999.0 -9999.0 -9999.0 -9999.0 33.01 32.64 -9999.0 -9999.0 -9999.0 38.24 -9999.0 -9999.0 -9999.0 -9999.0 -9999.0 -9999.0 37.61 -9999.0 -9999.0 -9999.0 29.86 28.54 28.62 28.53 28.63 28.61 28.70 28.55 28.63 28.65 28.63
-9999.0 -9999.0 -9999.0 -9999.0 -9999.0 -9999.0 -9999.0 -9999.0 -9999.0 -9999.0 -9999.0 -9999.0 -9999.0 -9999.0 -9999.0 -9999.0 -9999.0 -9999.0 -9999.0 -9999.0 -9999.0 -9999.0 -9999.0 -9999.0 -9999.0 -9999.0 -9999.0 -9999.0 -9999.0 -9999.0 -9999.0 -9999.0 -9999.0 -9999.0 -9999.0 -9999.0 -9999.0 -9999.0 -9999.0 -9999.0 -9999.0 -9999.0 -9999.0 -9999.0 -9999.0 -9999.0 33.97 -9999.0 -9999.0 -9999.0 -9999.0 -9999.0 -9999.0 -9999.0 -9999.0 -9999.0 -9999.0 38.22 37.60 -9999.0 -9999.0 30.58 30.74 28.97 28.62 28.55 28.62 28.64 28.69 28.66 28.63 28.66 28.57
-9999.0 -9999.0 -9999.0 -9999.0 -9999.0 -9999.0 -9999.0 -9999.0 -9999.0 -9999.0 -9999.0 -9999.0 -9999.0 -9999.0 -9999.0 -9999.0 -9999.0 -9999.0 -9999.0 -9999.0 -9999.0 -9999.0 -9999.0 -9999.0 -9999.0 -9999.0 -9999.0 -9999.0 -9999.0 -9999.0 -9999.0 -9999.0 -9999.0 -9999.0 -9999.0 -9999.0 -9999.0 -9999.0 -9999.0 -9999.0 -9999.0 40.30 -9999.0 -9999.0 -9999.0 -9999.0 -9999.0 -9999.0 -9999.0 -9999.0 -9999.0 -9999.0 -9999.0 -9999.0 -9999.0 -9999.0 -9999.0 -9999.0 38.60 -9999.0 32.00 31.90 -9999.0 31.56 28.60 28.66 28.54 28.69 28.65 28.75 28.72 28.70 28.72
