lab_12 WebODM/Sebastiana-Klonowica-23052022-georeferenced_model.asc
ncols 146
nrows 178
xllcorner 200663.000000
yllcorner 629792.000000
cellsize 1.000000
NODATA_value -9999.0
[rows 128 to 159 of 178, columns 73 to 145 of 146]
28.65 28.61 28.66 28.64 28.61 28.64 28.62 28.56 28.63 28.68 28.70 28.74 28.68 28.47 28.74 28.73 28.55 28.72 -9999.0 28.77 28.88 28.87 28.98 28.70 28.63 28.91 29.75 30.06 -9999.0 35.73 -9999.0 36.95 39.99 -9999.0 -9999.0 -9999.0 -9999.0 -9999.0 28.88 29.16 28.96 28.98 29.09 29.34 29.42 29.56 29.47 29.60 29.53 -9999.0 29.75 29.73 29.73 29.75 29.85 29.90 30.09 30.17 30.09 30.16 30.22 30.16 30.11 30.22 30.37 30.23 30.35 30.20 30.30 -9999.0 -9999.0 -9999.0 -9999.0
28.60 28.63 28.62 28.58 28.65 28.61 28.63 28.59 28.58 28.63 28.60 28.65 28.38 28.70 28.62 28.54 28.43 28.82 28.83 28.73 28.98 28.89 29.52 30.00 28.87 -9999.0 29.87 -9999.0 29.24 -9999.0 -9999.0 -9999.0 -9999.0 39.08 -9999.0 -9999.0 -9999.0 28.98 28.87 29.38 28.89 28.95 29.23 28.66 29.44 29.92 29.82 29.46 29.62 29.56 29.60 29.76 29.78 29.79 29.87 29.93 30.12 30.08 30.11 30.16 30.21 30.21 30.26 30.21 30.22 30.24 30.29 30.36 30.32 -9999.0 -9999.0 -9999.0 -9999.0
28.89 28.59 28.65 28.59 28.60 28.60 28.58 28.60 28.52 28.64 28.69 28.73 28.65 28.69 28.43 28.73 28.68 28.75 28.74 28.87 28.80 -9999.0 29.79 -9999.0 38.34 -9999.0 33.10 -9999.0 -9999.0 -9999.0 -9999.0 -9999.0 -9999.0 -9999.0 29.15 29.01 29.20 29.19 -9999.0 -9999.0 -9999.0 -9999.0 -9999.0 29.11 29.55 29.38 29.85 29.78 29.72 29.67 29.63 29.41 29.72 29.85 29.99 29.60 29.89 29.90 30.20 30.10 30.13 30.31 30.19 30.18 30.19 -9999.0 30.36 30.25 30.32 30.32 30.34 30.47 -9999.0
28.72 28.68 28.64 28.61 28.59 28.60 28.61 28.62 -9999.0 28.65 28.68 -9999.0 28.73 28.64 28.78 28.80 28.67 28.76 28.80 28.77 -9999.0 -9999.0 -9999.0 -9999.0 -9999.0 -9999.0 -9999.0 -9999.0 -9999.0 -9999.0 -9999.0 -9999.0 29.24 -9999.0 -9999.0 29.26 -9999.0 -9999.0 -9999.0 -9999.0 -9999.0 -9999.0 -9999.0 -9999.0 -9999.0 29.92 29.83 29.66 29.66 29.77 29.67 -9999.0 -9999.0 30.22 29.95 30.09 29.97 29.91 29.71 29.92 30.05 30.12 30.18 30.10 30.18 30.23 30.14 30.37 30.36 30.31 30.48 30.25 30.25
28.69 28.64 28.67 28.58 28.55 28.54 -9999.0 28.55 28.61 28.56 28.66 28.67 28.65 28.60 28.70 28.73 28.62 28.73 28.77 28.78 -9999.0 -9999.0 42.38 42.00 -9999.0 -9999.0 38.66 34.44 -9999.0 31.28 -9999.0 29.15 29.19 29.34 29.35 28.96 29.30 -9999.0 -9999.0 -9999.0 -9999.0 -9999.0 -9999.0 34.60 35.06 35.39 30.04 29.54 29.90 29.79 29.81 30.00 32.19 -9999.0 29.84 29.92 30.00 -9999.0 29.93 29.90 29.98 29.99 30.21 30.23 30.17 30.24 30.19 30.22 30.25 30.29 30.36 30.30 -9999.0
28.68 28.70 28.89 28.57 28.84 28.45 -9999.0 28.58 28.51 28.59 28.62 28.42 28.61 28.63 28.74 28.75 28.78 28.81 28.59 -9999.0 -9999.0 -9999.0 -9999.0 41.95 42.70 -9999.0 -9999.0 -9999.0 -9999.0 -9999.0 -9999.0 29.16 29.22 29.24 29.34 29.20 29.17 -9999.0 -9999.0 34.85 28.10 34.89 35.61 35.54 35.28 -9999.0 33.66 33.65 29.87 29.71 29.81 29.71 -9999.0 29.99 29.94 29.91 29.78 29.69 29.83 29.78 29.84 30.04 29.85 29.91 30.16 29.96 30.18 30.08 30.19 30.27 30.31 -9999.0 -9999.0
-9999.0 -9999.0 28.67 28.66 29.24 29.23 28.54 28.53 28.58 28.57 28.58 28.59 28.66 28.59 28.65 28.19 28.71 28.71 -9999.0 39.94 -9999.0 -9999.0 42.50 -9999.0 -9999.0 -9999.0 -9999.0 -9999.0 -9999.0 -9999.0 29.10 29.18 -9999.0 29.24 29.34 29.28 29.01 29.16 -9999.0 -9999.0 35.09 35.21 37.21 -9999.0 36.77 -9999.0 34.17 33.77 32.55 29.73 29.89 29.80 29.98 29.78 29.89 29.88 29.78 29.82 29.97 29.86 29.84 30.12 29.99 29.74 30.17 30.09 30.13 30.15 -9999.0 -9999.0 -9999.0 -9999.0 -9999.0
29.01 28.61 28.60 28.65 29.65 28.55 28.52 28.53 28.56 28.63 28.69 -9999.0 -9999.0 28.63 28.62 28.56 28.68 28.62 -9999.0 39.16 39.83 -9999.0 -9999.0 -9999.0 -9999.0 -9999.0 -9999.0 -9999.0 -9999.0 -9999.0 29.12 29.17 29.99 -9999.0 29.22 29.33 29.09 29.28 29.34 -9999.0 36.16 -9999.0 -9999.0 37.25 -9999.0 -9999.0 36.79 -9999.0 31.84 29.99 29.93 29.86 29.91 29.81 29.80 29.77 29.91 29.97 29.90 29.96 29.91 29.90 29.79 30.03 29.84 29.96 30.07 -9999.0 -9999.0 -9999.0 -9999.0 -9999.0 -9999.0
28.77 28.67 28.46 28.48 29.64 28.55 28.54 28.59 28.53 28.49 -9999.0 -9999.0 -9999.0 28.58 28.50 28.44 28.65 28.74 28.69 -9999.0 -9999.0 40.39 -9999.0 -9999.0 40.93 -9999.0 -9999.0 -9999.0 28.84 29.10 29.31 29.15 29.19 28.88 29.21 29.17 29.29 29.33 -9999.0 35.16 36.57 -9999.0 -9999.0 37.77 -9999.0 -9999.0 -9999.0 -9999.0 -9999.0 -9999.0 29.86 29.78 30.30 29.83 29.82 29.76 29.78 30.07 29.88 29.72 29.77 29.72 29.94 29.81 29.73 29.88 29.89 -9999.0 -9999.0 -9999.0 -9999.0 -9999.0 -9999.0
29.59 28.59 28.59 28.59 29.58 28.50 28.23 28.59 28.52 28.20 27.97 28.53 28.52 28.58 -9999.0 28.10 28.75 28.62 -9999.0 -9999.0 -9999.0 -9999.0 39.96 -9999.0 -9999.0 -9999.0 -9999.0 -9999.0 -9999.0 28.97 29.22 29.19 29.13 29.17 29.11 29.19 29.24 29.14 29.63 33.59 36.74 37.38 -9999.0 -9999.0 -9999.0 -9999.0 -9999.0 -9999.0 -9999.0 -9999.0 29.81 29.85 29.88 29.95 29.76 29.77 29.72 29.72 29.83 29.90 29.84 29.79 30.01 29.80 29.73 29.82 29.85 29.87 29.85 -9999.0 -9999.0 -9999.0 -9999.0
29.00 28.64 28.54 28.47 28.50 28.44 28.54 28.48 28.46 28.10 28.54 28.48 28.36 28.47 28.45 28.61 28.75 27.81 -9999.0 -9999.0 38.33 -9999.0 -9999.0 -9999.0 -9999.0 -9999.0 -9999.0 -9999.0 -9999.0 29.10 29.08 29.04 29.11 29.12 29.18 29.18 29.13 29.66 29.82 29.79 -9999.0 37.00 37.10 -9999.0 36.83 -9999.0 -9999.0 -9999.0 -9999.0 -9999.0 29.73 29.92 29.63 29.80 29.63 29.81 29.49 29.78 29.81 29.85 29.89 29.92 29.69 29.84 29.79 29.85 29.80 29.76 29.95 29.93 -9999.0 -9999.0 -9999.0
28.77 28.62 28.59 28.48 28.49 28.49 28.47 28.20 28.51 28.62 -9999.0 -9999.0 28.73 28.56 28.44 28.69 28.70 28.22 32.99 28.65 -9999.0 -9999.0 -9999.0 -9999.0 -9999.0 -9999.0 -9999.0 -9999.0 -9999.0 29.18 29.10 29.19 29.11 29.14 29.14 29.06 29.21 29.40 28.98 29.64 30.12 36.35 -9999.0 35.85 -9999.0 -9999.0 -9999.0 -9999.0 -9999.0 29.71 29.80 29.71 29.80 29.70 29.82 29.74 29.88 29.87 29.85 29.67 29.77 29.93 29.83 29.88 29.86 29.75 29.75 29.77 29.83 29.75 -9999.0 -9999.0 -9999.0
32.51 28.60 28.51 28.43 28.43 28.49 28.49 28.53 -9999.0 28.50 28.52 28.51 28.56 28.40 28.74 -9999.0 30.05 -9999.0 -9999.0 28.79 -9999.0 -9999.0 -9999.0 -9999.0 -9999.0 -9999.0 -9999.0 -9999.0 30.82 29.07 29.53 28.98 29.05 29.12 29.15 29.14 28.97 29.34 29.39 29.54 29.65 -9999.0 -9999.0 -9999.0 -9999.0 35.26 -9999.0 -9999.0 -9999.0 29.70 29.66 29.64 29.84 29.66 29.75 29.74 29.79 29.83 29.79 30.06 29.70 29.75 29.77 29.77 29.86 29.78 30.31 29.84 29.85 29.93 29.89 -9999.0 -9999.0
28.57 29.73 28.65 28.45 28.39 28.43 -9999.0 -9999.0 28.23 28.40 28.47 28.60 -9999.0 -9999.0 34.66 -9999.0 33.59 -9999.0 -9999.0 -9999.0 -9999.0 -9999.0 -9999.0 -9999.0 -9999.0 -9999.0 -9999.0 -9999.0 29.49 -9999.0 -9999.0 28.71 28.98 29.10 29.16 29.23 29.27 29.35 29.40 29.65 29.44 29.65 30.32 -9999.0 -9999.0 -9999.0 29.84 30.07 30.07 29.60 29.73 29.71 29.72 29.70 29.68 29.68 29.79 29.73 29.84 29.81 29.86 29.67 29.67 29.62 29.83 29.86 29.85 29.94 29.86 29.87 29.92 29.75 -9999.0
-9999.0 29.65 28.41 28.41 28.39 28.59 -9999.0 28.42 28.45 28.41 28.53 -9999.0 -9999.0 35.05 36.28 33.55 -9999.0 28.89 28.83 -9999.0 -9999.0 34.99 -9999.0 -9999.0 -9999.0 -9999.0 -9999.0 -9999.0 28.92 29.15 29.13 29.15 -9999.0 29.78 29.25 29.25 29.42 29.41 29.24 29.37 29.62 29.97 30.09 29.57 -9999.0 29.53 29.45 29.69 29.81 30.08 29.69 29.59 29.64 29.60 29.73 29.67 29.66 29.63 29.83 29.68 29.74 29.65 29.66 29.63 29.72 29.74 29.80 29.78 29.75 29.78 29.80 -9999.0 -9999.0
-9999.0 28.43 28.30 -9999.0 28.39 28.34 28.39 28.42 28.48 -9999.0 -9999.0 37.57 -9999.0 39.27 38.84 38.66 37.79 28.87 29.55 -9999.0 -9999.0 -9999.0 -9999.0 -9999.0 -9999.0 -9999.0 -9999.0 -9999.0 -9999.0 29.38 29.14 29.03 30.20 29.23 30.21 30.62 -9999.0 29.32 29.34 29.42 29.37 29.46 29.56 -9999.0 29.47 29.49 29.53 29.68 30.13 29.65 29.72 29.65 29.79 29.67 29.60 29.69 29.63 29.63 29.72 29.80 29.74 29.83 29.86 29.80 29.72 29.62 29.66 29.80 29.84 29.80 -9999.0 -9999.0 -9999.0
-9999.0 28.35 28.34 -9999.0 28.43 28.36 28.30 28.39 28.44 28.49 -9999.0 37.83 -9999.0 41.35 40.61 39.74 -9999.0 38.34 29.38 29.36 -9999.0 -9999.0 -9999.0 -9999.0 -9999.0 -9999.0 -9999.0 -9999.0 -9999.0 -9999.0 29.23 29.50 29.06 29.14 30.44 -9999.0 29.23 29.35 29.32 29.54 29.39 29.41 29.47 29.45 29.46 29.52 29.56 29.60 29.60 29.65 29.68 29.66 29.67 29.67 29.77 29.72 29.66 29.61 29.75 29.78 29.79 29.69 29.85 29.94 29.66 -9999.0 29.73 29.89 29.84 -9999.0 -9999.0 -9999.0 -9999.0
-9999.0 -9999.0 -9999.0 28.33 -9999.0 28.33 28.35 28.35 28.53 28.40 -9999.0 -9999.0 38.69 -9999.0 -9999.0 -9999.0 -9999.0 -9999.0 38.23 29.25 29.42 -9999.0 -9999.0 -9999.0 -9999.0 28.96 -9999.0 -9999.0 -9999.0 -9999.0 -9999.0 -9999.0 29.17 29.02 30.12 29.20 29.16 30.20 30.31 29.30 29.37 29.49 29.41 29.39 29.48 29.49 29.62 29.61 29.72 29.68 29.68 29.68 29.57 29.70 29.64 29.72 29.79 29.73 29.67 29.75 29.74 29.78 29.60 29.67 29.94 29.72 29.70 29.78 29.79 -9999.0 -9999.0 -9999.0 -9999.0
28.30 27.98 28.21 28.34 28.28 28.31 28.35 28.23 -9999.0 -9999.0 37.84 -9999.0 39.78 40.23 39.62 -9999.0 -9999.0 38.08 -9999.0 29.81 -9999.0 -9999.0 -9999.0 -9999.0 -9999.0 -9999.0 -9999.0 -9999.0 -9999.0 -9999.0 -9999.0 -9999.0 -9999.0 29.11 29.27 29.17 30.13 30.17 29.30 29.24 30.52 29.76 29.16 29.49 29.51 29.56 29.53 29.61 29.62 29.56 29.57 29.64 29.63 29.67 29.67 29.78 29.71 29.74 29.76 29.97 29.76 29.75 29.72 29.79 29.69 29.81 29.68 -9999.0 -9999.0 -9999.0 -9999.0 -9999.0 -9999.0
27.43 27.74 27.78 -9999.0 -9999.0 28.20 28.16 28.33 -9999.0 -9999.0 -9999.0 -9999.0 -9999.0 40.16 -9999.0 39.91 -9999.0 37.89 -9999.0 29.77 29.16 28.95 28.95 29.04 -9999.0 -9999.0 -9999.0 -9999.0 -9999.0 -9999.0 29.05 29.35 -9999.0 -9999.0 29.24 29.15 29.85 30.19 29.27 -9999.0 30.34 30.29 29.86 29.44 29.49 29.62 29.68 29.51 29.61 -9999.0 29.72 29.46 29.62 29.66 29.60 29.70 29.70 29.72 29.72 29.72 29.71 29.79 29.81 29.82 29.60 29.80 29.67 -9999.0 -9999.0 -9999.0 -9999.0 -9999.0 -9999.0
-9999.0 -9999.0 28.06 27.87 -9999.0 28.14 28.44 -9999.0 31.51 -9999.0 -9999.0 -9999.0 -9999.0 -9999.0 39.49 40.00 -9999.0 -9999.0 -9999.0 -9999.0 29.11 28.92 -9999.0 28.86 28.95 -9999.0 -9999.0 -9999.0 -9999.0 -9999.0 29.03 29.07 28.97 29.47 -9999.0 29.57 29.53 29.23 29.24 29.06 29.74 30.51 30.26 30.27 29.53 29.50 29.59 29.55 29.49 29.80 29.42 29.62 29.61 29.59 29.79 29.74 29.66 29.68 29.74 29.70 29.70 29.67 29.78 29.82 29.76 29.70 29.85 -9999.0 -9999.0 -9999.0 -9999.0 -9999.0 -9999.0
-9999.0 -9999.0 -9999.0 27.53 27.77 28.08 29.58 -9999.0 32.44 -9999.0 -9999.0 -9999.0 -9999.0 -9999.0 -9999.0 -9999.0 -9999.0 -9999.0 -9999.0 -9999.0 -9999.0 -9999.0 -9999.0 -9999.0 -9999.0 28.95 -9999.0 -9999.0 -9999.0 -9999.0 29.45 29.38 29.59 29.07 -9999.0 -9999.0 29.15 29.36 29.23 29.76 -9999.0 30.65 30.49 30.39 -9999.0 29.44 29.51 29.52 29.33 29.59 29.58 29.52 29.63 29.61 29.65 29.74 29.67 29.76 29.75 29.75 29.73 29.67 29.77 29.82 29.77 29.81 -9999.0 -9999.0 -9999.0 -9999.0 -9999.0 -9999.0 -9999.0
-9999.0 -9999.0 -9999.0 28.09 28.12 28.29 29.48 -9999.0 32.52 -9999.0 -9999.0 -9999.0 -9999.0 -9999.0 -9999.0 -9999.0 -9999.0 -9999.0 -9999.0 -9999.0 -9999.0 -9999.0 29.82 28.65 28.80 28.87 28.91 29.14 29.32 -9999.0 -9999.0 29.35 29.10 -9999.0 -9999.0 -9999.0 -9999.0 -9999.0 29.23 29.29 29.11 30.64 30.50 30.64 29.43 29.39 29.44 29.37 29.48 29.59 -9999.0 29.55 29.41 29.63 -9999.0 29.73 29.78 29.70 29.73 29.75 29.77 29.78 29.77 29.75 29.90 -9999.0 -9999.0 -9999.0 -9999.0 -9999.0 -9999.0 -9999.0 -9999.0
28.40 -9999.0 -9999.0 28.37 35.33 29.73 29.55 -9999.0 -9999.0 -9999.0 -9999.0 -9999.0 -9999.0 -9999.0 -9999.0 -9999.0 -9999.0 -9999.0 -9999.0 -9999.0 -9999.0 -9999.0 28.79 -9999.0 29.02 28.90 28.82 29.01 -9999.0 -9999.0 29.07 -9999.0 29.40 -9999.0 -9999.0 -9999.0 -9999.0 -9999.0 29.22 29.21 29.60 30.71 -9999.0 29.35 29.39 30.45 29.62 30.13 29.56 29.47 29.54 29.57 29.61 29.63 29.66 29.67 29.80 29.79 -9999.0 29.75 29.65 29.80 29.77 29.71 29.81 -9999.0 -9999.0 -9999.0 -9999.0 -9999.0 -9999.0 -9999.0 -9999.0
-9999.0 28.28 -9999.0 -9999.0 36.63 35.50 -9999.0 -9999.0 -9999.0 -9999.0 -9999.0 -9999.0 -9999.0 -9999.0 -9999.0 -9999.0 -9999.0 -9999.0 -9999.0 -9999.0 -9999.0 28.90 28.75 29.76 29.73 28.88 28.88 28.97 -9999.0 29.46 29.46 -9999.0 -9999.0 -9999.0 -9999.0 -9999.0 -9999.0 -9999.0 -9999.0 -9999.0 -9999.0 -9999.0 -9999.0 29.26 29.36 -9999.0 -9999.0 -9999.0 29.16 29.63 29.55 29.45 29.45 29.58 29.61 29.76 29.75 29.51 29.73 29.80 29.72 29.84 29.76 -9999.0 -9999.0 -9999.0 -9999.0 -9999.0 -9999.0 -9999.0 -9999.0 -9999.0 -9999.0
37.90 -9999.0 -9999.0 -9999.0 -9999.0 -9999.0 28.37 27.96 -9999.0 -9999.0 -9999.0 -9999.0 -9999.0 -9999.0 -9999.0 -9999.0 -9999.0 -9999.0 -9999.0 -9999.0 -9999.0 28.79 29.05 29.67 -9999.0 28.87 29.27 30.38 29.34 29.01 29.08 29.52 29.57 -9999.0 -9999.0 -9999.0 -9999.0 -9999.0 -9999.0 -9999.0 -9999.0 -9999.0 29.31 29.24 -9999.0 -9999.0 -9999.0 -9999.0 -9999.0 -9999.0 -9999.0 29.54 29.63 29.52 29.55 29.61 29.76 29.78 29.77 29.78 29.64 -9999.0 29.86 -9999.0 -9999.0 -9999.0 -9999.0 -9999.0 -9999.0 -9999.0 -9999.0 -9999.0 -9999.0
-9999.0 -9999.0 -9999.0 -9999.0 -9999.0 -9999.0 -9999.0 28.18 28.51 28.31 28.48 -9999.0 -9999.0 31.48 30.46 -9999.0 -9999.0 -9999.0 -9999.0 -9999.0 33.02 -9999.0 29.53 29.40 28.86 -9999.0 29.91 30.15 29.54 29.49 29.46 29.57 29.16 29.62 -9999.0 -9999.0 -9999.0 -9999.0 -9999.0 -9999.0 -9999.0 -9999.0 -9999.0 29.39 -9999.0 -9999.0 29.43 -9999.0 -9999.0 -9999.0 -9999.0 30.49 30.15 29.57 29.59 -9999.0 29.69 29.66 29.73 29.75 29.75 29.66 -9999.0 -9999.0 -9999.0 -9999.0 -9999.0 -9999.0 -9999.0 -9999.0 -9999.0 -9999.0 -9999.0
-9999.0 -9999.0 -9999.0 44.45 41.76 -9999.0 -9999.0 28.27 28.53 28.27 28.51 28.47 28.59 -9999.0 29.52 -9999.0 -9999.0 -9999.0 -9999.0 -9999.0 -9999.0 28.89 -9999.0 -9999.0 28.78 29.87 29.83 -9999.0 -9999.0 30.54 29.61 29.12 29.69 29.68 29.20 -9999.0 -9999.0 -9999.0 -9999.0 -9999.0 -9999.0 -9999.0 -9999.0 -9999.0 -9999.0 -9999.0 30.04 29.96 -9999.0 -9999.0 -9999.0 30.56 29.67 29.53 29.63 29.72 29.71 29.61 29.73 29.68 29.71 -9999.0 -9999.0 -9999.0 -9999.0 -9999.0 -9999.0 -9999.0 -9999.0 -9999.0 -9999.0 -9999.0 -9999.0
-9999.0 44.95 -9999.0 45.30 -9999.0 43.44 -9999.0 -9999.0 28.54 28.47 28.41 28.57 28.68 -9999.0 28.65 28.56 28.56 -9999.0 -9999.0 -9999.0 28.75 28.89 -9999.0 28.74 -9999.0 29.14 29.54 29.15 29.80 30.34 -9999.0 30.07 29.53 -9999.0 29.22 29.18 -9999.0 -9999.0 -9999.0 -9999.0 -9999.0 -9999.0 -9999.0 -9999.0 -9999.0 -9999.0 -9999.0 -9999.0 29.37 30.62 30.00 -9999.0 30.33 30.22 29.58 29.61 29.66 29.69 29.75 -9999.0 29.77 -9999.0 -9999.0 -9999.0 -9999.0 -9999.0 -9999.0 -9999.0 -9999.0 -9999.0 -9999.0 -9999.0 -9999.0
-9999.0 -9999.0 45.72 -9999.0 -9999.0 43.33 -9999.0 38.38 -9999.0 -9999.0 28.57 28.65 28.62 28.67 28.78 28.49 28.63 28.62 28.15 28.70 28.65 28.81 28.81 28.85 -9999.0 28.90 -9999.0 -9999.0 -9999.0 30.34 30.29 30.26 -9999.0 -9999.0 29.25 -9999.0 29.19 -9999.0 -9999.0 -9999.0 -9999.0 -9999.0 -9999.0 -9999.0 -9999.0 -9999.0 -9999.0 29.34 -9999.0 -9999.0 -9999.0 29.75 -9999.0 -9999.0 29.79 29.85 29.68 -9999.0 29.71 -9999.0 -9999.0 -9999.0 -9999.0 -9999.0 -9999.0 -9999.0 -9999.0 -9999.0 -9999.0 -9999.0 -9999.0 -9999.0 -9999.0
-9999.0 -9999.0 -9999.0 -9999.0 44.13 -9999.0 -9999.0 -9999.0 -9999.0 -9999.0 -9999.0 -9999.0 -9999.0 28.83 28.76 28.57 28.69 28.59 28.73 28.66 28.80 28.85 28.91 28.88 28.87 28.88 -9999.0 29.08 29.51 29.67 30.36 -9999.0 29.54 -9999.0 -9999.0 -9999.0 -9999.0 29.21 -9999.0 -9999.0 -9999.0 -9999.0 -9999.0 -9999.0 -9999.0 -9999.0 -9999.0 -9999.0 -9999.0 -9999.0 29.38 -9999.0 29.94 -9999.0 -9999.0 -9999.0 29.73 -9999.0 -9999.0 -9999.0 -9999.0 -9999.0 -9999.0 -9999.0 -9999.0 -9999.0 -9999.0 -9999.0 -9999.0 -9999.0 -9999.0 -9999.0 -9999.0
-9999.0 -9999.0 -9999.0 -9999.0 -9999.0 -9999.0 -9999.0 40.23 -9999.0 -9999.0 -9999.0 -9999.0 -9999.0 -9999.0 -9999.0 28.63 28.65 28.74 28.83 28.68 28.61 28.84 28.93 28.91 -9999.0 28.92 -9999.0 29.18 -9999.0 29.71 30.18 -9999.0 -9999.0 -9999.0 -9999.0 -9999.0 -9999.0 -9999.0 29.25 29.27 -9999.0 -9999.0 -9999.0 -9999.0 -9999.0 -9999.0 -9999.0 -9999.0 -9999.0 -9999.0 -9999.0 29.40 29.62 30.48 30.65 -9999.0 29.97 29.93 -9999.0 -9999.0 -9999.0 -9999.0 -9999.0 -9999.0 -9999.0 -9999.0 -9999.0 -9999.0 -9999.0 -9999.0 -9999.0 -9999.0 -9999.0
